# callgrind format
version: 1
creator: callgrind-3.18.1
pid: 18416
cmd:  ./main
part: 1


desc: I1 cache: 
desc: D1 cache: 
desc: LL cache: 

desc: Timerange: Basic block 0 - 37763575
desc: Trigger: Program termination

positions: line
events: Ir
summary: 146613744


ob=(3) /usr/lib/aarch64-linux-gnu/libc.so.6
fl=(105) ./setjmp/./setjmp/sigjmp.c
fn=(426) __sigjmp_save
28 4
+2 1
-1 1
+5 4

fl=(95) ./misc/./misc/init-misc.c
fn=(374) __init_misc
31 1
-1 4
+1 2
+2 3
cfi=(96) ./string/../sysdeps/aarch64/strrchr.S
cfn=(376) rindex
calls=1 +28 
* 29
+4 2
+1 1
-1 2
+1 4
+2 3

fl=(98) ???
fn=(380) init_have_lse_atomics
fi=(91) ./elf/./elf/dl-init.c
69 4
+3 4
fe=(98)
-72 4
cob=(1) /usr/lib/aarch64-linux-gnu/ld-linux-aarch64.so.1
cfi=(89) ./elf/../sysdeps/aarch64/dl-trampoline.S
cfn=(332) _dl_runtime_resolve
calls=1 38 
0 592
0 14

fn=(402) __aarch64_swp4_rel
0 72

fn=(398) __aarch64_cas4_acq
0 72

fn=(556) __aarch64_swp8_acq
0 60

fl=(102) ./stdlib/./stdlib/cxa_atexit.c
fn=(396) __internal_atexit
fi=(101) ./csu/../csu/libc-start.c
369 5
+6 3
-3 1
128 3
+6 2
+1 7
cob=(2) ???
cfi=(44) ???
cfn=(404) 0x0000000000108808
calls=1 0 
* 10
+3 1
+1 1
+3 1
+1 1
-1 1
+1 1
-1 1
+1 1
+1 6
cfn=(393) __libc_start_main@@GLIBC_2.34'2
calls=1 +1 
* 146492656
fe=(102)
36 5
+5 1
+2 10
cfi=(98)
cfn=(398)
calls=1 -43 
* 6
* 1
+1 2
cfn=(400) __new_exitfn
calls=1 +38 
* 60

fn=(394) __cxa_atexit
70 3
cfn=(396)
calls=1 -34 
* 146492786

fn=(400)
82 1
+6 1
-6 3
+6 2
+5 3
-10 2
+12 1
+1 1
-1 1
-2 1
+10 1
-10 2
+32 1
-1 1
+1 2
cfn=(401) __new_exitfn'2
calls=1 +14 
* 9
-81 1
+2 1
+7 1
+5 1
+1 1
-2 1
+2 1
-6 1
+6 1
+1 1
-7 2
+2 1
+4 1
cfi=(98)
cfn=(402)
calls=1 -59 
* 6
* 2
+2 6

fn=(401)
139 1
-1 2
+1 1
+4 1
-4 1
+4 1
-4 1
+4 1

fl=(101)
fn=(392) __libc_start_main@@GLIBC_2.34
242 11
343 2
+1 3
cfi=(102)
cfn=(394)
calls=1 70 
* 146492789

fn=(393)
382 3
cfi=(103) ./csu/../sysdeps/nptl/libc_start_call_main.h
cfn=(420) (below main)
calls=1 29 
* 146491864
cob=(1)
cfi=(89)
cfn=(332)
calls=1 38 
* 755
* 14
145 5
cob=(5) /home/ilboglions/Desktop/APIWordsChecker2022/Mk4_Mixed_Data_Structure/main
cfi=(100) ???
cfn=(410) 0x0000000000000fd0
calls=1 0 
* 11
-1 4
cfn=(393)
calls=1 382 
* 146492636

fl=(110) ./libio/./libio/filedoalloc.c
fn=(444) _IO_file_doallocate
78 12
+6 2
-6 6
+6 4
fi=(120) ./libio/./libio/libioP.h
940 10
+2 2
+1 4
fe=(110)
84 8
cfi=(109) ./libio/./libio/fileops.c
cfn=(446) _IO_file_stat
calls=2 1147 
* 32
* 2
+2 8
+11 10
+1 2
+3 4
cfi=(113) ./malloc/./malloc/malloc.c
cfn=(454) malloc
calls=1 3287 
* 229
cob=(1)
cfi=(89)
cfn=(332)
calls=1 -63 
* 2272
* 13
fi=(108) ./libio/./libio/genops.c
347 4
+3 8
fe=(110)

fl=(123) ./io/../sysdeps/unix/sysv/linux/write.c
fn=(552) write
25 9
+1 6
-1 3
+1 27
+1 15

fl=(130) ./posix/./posix/register-atfork.c
fn=(584) __unregister_atfork
76 2
+1 2
-1 4
+1 2
-1 4
+1 8
cfi=(98)
cfn=(398)
calls=2 -77 
* 12
* 2
fi=(131) ./posix/../malloc/dynarray-skeleton.c
243 4
fe=(130)
65 2
+38 8
cfi=(98)
cfn=(402)
calls=2 0 
* 12
* 4
+1 8

fl=(99) ./misc/./misc/getauxval.c
fn=(384) getauxval
30 2
+2 3
+32 1

fl=(122) ./libio/./libio/feof.c
fn=(492) feof
32 64384
+3 32192
-3 64384
+4 64384
-1 32192
+6 128768

fl=(127) ./nptl/./nptl/pthread_mutex_lock.c
fn=(568) pthread_mutex_lock@@GLIBC_2.17
fi=(126) ./elf/./elf/dl-fini.c
56 1
+3 1
+2 6
+7 3
cob=(1)
cfi=(42) ./elf/./elf/dl-audit.c
cfn=(340) _dl_audit_activity_nsid
calls=1 -24 
* 11
+5 1
-7 1
+7 1
-7 1
+7 10
+5 1
-5 1
+5 2
+2 12
+2 8
+8 4
-6 4
+6 8
-5 4
+1 4
-8 8
+14 5
+1 5
+6 4
cob=(1)
cfi=(12) ./elf/./elf/dl-sort-maps.c
cfn=(226) _dl_sort_maps
calls=1 288 
* 281
+9 2
+5 1
-5 2
cfi=(128) ./nptl/./nptl/pthread_mutex_unlock.c
cfn=(570) pthread_mutex_unlock@@GLIBC_2.17
calls=1 368 
* 1152
+60 2
+6 2
+7 8
-13 4
fe=(127)
-91 3
+3 4
+2 1
+2 2
+4 3
+20 4
+4 1
+3 1
-3 1
+3 3
-71 1
+1 6
+1 1
+84 1
+1 3
cfn=(569) pthread_mutex_lock@@GLIBC_2.17'2
calls=1 +41 
* 10

fn=(569)
172 1
-2 1
+2 2
+3 1
+2 1
+1 4

fl=(115) ./stdlib/../sysdeps/unix/sysv/linux/getrandom.c
fn=(460) getrandom
28 3
+1 2
-1 1
+1 9
+1 5

fl=(125) ./stdlib/./stdlib/cxa_thread_atexit_impl.c
fn=(564) __call_tls_dtors
149 3
+1 2
-1 1
+1 3
+18 4

fl=(76) ./string/../sysdeps/aarch64/multiarch/memset.c
fn=(290) memset
39 18

fl=(96)
fn=(376)
61 1
+2 1
+1 1
+1 1
+1 1
+1 1
+1 1
+2 1
+1 1
+1 1
+1 1
+1 1
+1 1
+1 1
+1 1
+1 1
+1 1
+1 1
+1 1
+1 1
+1 1
+21 1
+1 1
+1 1
+1 1
+1 1
+1 1
+1 1
+1 1

fl=(74) ./string/../sysdeps/aarch64/multiarch/memchr.c
fn=(282) memchr
34 9

fl=(86) ./resource/../sysdeps/unix/sysv/linux/getrlimit64.c
fn=(322) getrlimit
39 8
+1 1

fl=(103)
fn=(420)
29 10
+15 2
cfi=(104) ./setjmp/../sysdeps/aarch64/setjmp.S
cfn=(422) _setjmp
calls=1 -15 
* 35
+2 1
+12 1
-10 1
+3 1
+4 1
+3 1
-7 1
+4 1
-3 2
+6 5
cob=(5)
cfi=(106) /home/ilboglions/Desktop/APIWordsChecker2022/Mk4_Mixed_Data_Structure/main.c
cfn=(428) main
calls=1 +56 
* 146491802

fl=(118) ./misc/../sysdeps/unix/sysv/linux/brk.c
fn=(474) brk
35 14
+1 70
+1 28
+6 14
+1 14

fl=(124) ./stdlib/./stdlib/exit.c
fn=(562) __run_exit_handlers
40 11
+5 2
+1 1
cfi=(125)
cfn=(564)
calls=1 149 
* 13
* 1
cfn=(563) __run_exit_handlers'2
calls=1 +2 
* 2427

fn=(563)
48 6
cfi=(98)
cfn=(398)
calls=1 -48 
* 6
* 1
+47 1
+3 1
-3 1
-39 2
+2 1
+13 2
-5 4
+2 2
+3 6
+19 4
cfi=(98)
cfn=(398)
calls=1 -90 
* 6
* 1
+15 1
+7 1
-3 1
-2 1
-2 1
+4 1
+3 1
-3 1
+3 2
cfi=(98)
cfn=(402)
calls=1 0 
* 6
* 2
+1 3
cob=(1)
cfi=(126)
cfn=(566) _dl_fini
calls=1 -82 
* 2375
+11 3
+1 1
+6 1
-69 2
+69 2
-69 1
+69 1
cfi=(98)
cfn=(402)
calls=1 0 
* 6
* 2
+2 2
+1 13
cfi=(108)
cfn=(620) _IO_cleanup
calls=1 863 
* 691

fn=(560) exit
142 1
+1 2
-1 1
+1 3
cfn=(562)
calls=1 40 
* 2455

fl=(108)
fn=(514) __overflow
199 6
+2 3
-2 3
+2 3
+1 2
+1 1
fi=(120)
940 5
+2 1
+1 2
fe=(108)
203 2
fi=(120)
940 10
+2 2
+1 4
fe=(108)
203 3
+1 3
-1 3
+1 3
-1 3
cfi=(109)
cfn=(516) _IO_file_overflow@@GLIBC_2.17
calls=3 731 
* 801

fn=(620)
fi=(124)
134 3
+2 2
fe=(108)
863 2
+3 1
-3 4
-76 2
+76 1
-76 1
+76 1
-77 1
+77 3
+3 1
cfn=(622) _IO_flush_all_lockp
calls=1 686 
* 669

fn=(621) _IO_cleanup'2
838 6
-48 6
+9 9
+2 4
+6 16
cfi=(98)
cfn=(398)
calls=2 0 
* 12
* 10
+8 10
+9 10
cfi=(109)
cfn=(632) _IO_file_setbuf@@GLIBC_2.17
calls=2 381 
* 146
+2 6
+4 8
+1 14
cfi=(98)
cfn=(402)
calls=2 0 
* 12
* 4
+11 7
+1 2
cfi=(132) ./nptl/./nptl/libc-cleanup.c
cfn=(628) __libc_cleanup_pop_restore
calls=1 40 
* 9
+35 14
-54 2
-7 2
+2 2
-2 2
+4 2
-1 2
fi=(120)
942 2
fe=(108)
821 2
fi=(120)
943 4
fe=(108)
842 4
cfi=(98)
cfn=(402)
calls=1 0 
* 6
* 2

fn=(484) _IO_switch_to_get_mode
164 196
+1 196
+3 98
+5 49
-1 98
+1 98
+7 49
+1 49
-1 49
-4 49
+2 98
+4 147

fn=(634) _IO_default_setbuf
452 2
fi=(120)
940 2
fe=(108)
452 6
fi=(120)
940 2
fe=(108)
452 2
fi=(120)
940 4
fe=(108)
453 2
fi=(120)
940 2
fe=(108)
452 4
fi=(120)
942 2
+1 4
fe=(108)
453 6
cfi=(109)
cfn=(636) _IO_file_sync@@GLIBC_2.17
calls=2 792 
* 32
* 4
+2 2
+2 2
-2 2
330 2
455 2
+2 4
+1 2
-1 2
330 4
467 2
337 4
466 2
-1 4
333 2
468 8

fn=(622)
686 5
+5 1
-5 1
+5 1
-5 2
+6 2
-6 1
+5 2
-5 3
+5 1
+1 1
-1 1
cfi=(132)
cfn=(624) __libc_cleanup_push_defer
calls=1 25 
* 9
+1 9
cfi=(98)
cfn=(398)
calls=1 0 
* 6
* 4
+3 2
-3 3
+3 1
fi=(120)
940 5
fe=(108)
687 1
fi=(120)
940 2
fe=(108)
697 1
+1 1
-1 1
+1 1
+3 6
+5 4
cfi=(109)
cfn=(516)
calls=1 +25 
* 193
+3 1
-14 1
+16 2
-16 1
+6 6
+5 1
fi=(120)
942 1
+1 2
fe=(108)
-77 1
-80 5
cfi=(132)
cfn=(624)
calls=1 25 
* 9
+1 9
cfi=(98)
cfn=(398)
calls=1 0 
* 6
* 4
+3 2
-3 3
+3 1
fi=(120)
940 7
cfi=(108)
cfn=(621)
calls=1 799 
* 337
fe=(108)

fn=(436) __uflow
299 200
+1 102
+5 100
+3 150
+2 100
+6 100
+7 50
fi=(120)
940 250
+2 50
+1 100
fe=(108)
323 100
+1 50
-1 50
+1 50
-1 50
cfn=(438) _IO_default_uflow
calls=50 +38 
* 10095
-23 98
+21 100

fn=(437) __uflow'2
299 68
+1 34
+5 34
+3 51
+2 34
+6 34
+7 17
fi=(120)
940 85
+2 17
+1 34
fe=(108)
323 34
+1 17
-1 17
+1 17
-1 17
cfn=(439) _IO_default_uflow'2
calls=17 +38 
* 12648
-23 34
+21 34

fn=(442) _IO_doallocbuf
fi=(109)
489 7
cfi=(120)
cfn=(482) _IO_file_underflow@@GLIBC_2.17
calls=1 940 
* 82
745 2
+9 1
-9 2
cfn=(517) _IO_file_overflow@@GLIBC_2.17'2
calls=1 +9 
* 33
fe=(108)
343 8
+1 4
+2 6
+1 2
fi=(120)
940 10
+2 2
+1 4
fe=(108)
347 6
cfi=(110)
cfn=(444)
calls=2 78 
* 2632

fn=(480) _IO_setb
329 4
+1 2
-1 6
+1 2
-1 6
+1 2
+5 6
-2 2
+2 4
+3 8

fn=(438)
fi=(106)
581 2
cob=(5)
cfn=(431) readstr'2
calls=1 -3 
* 1493
-4 2
cob=(5)
cfn=(431)
calls=1 +1 
* 29
fe=(108)
361 50
fi=(120)
940 100
fe=(108)
361 150
fi=(120)
940 100
fe=(108)
362 50
fi=(120)
940 50
+2 50
+1 100
fe=(108)
362 150
cfi=(109)
cfn=(440) _IO_file_underflow@@GLIBC_2.17
calls=50 +99 
* 7341
+1 96
+2 188
+1 144

fn=(439)
fi=(106)
581 34
cob=(5)
cfn=(431)
calls=17 -3 
* 12070
fe=(108)
361 17
fi=(120)
940 34
fe=(108)
361 51
fi=(120)
940 34
fe=(108)
362 17
fi=(120)
940 17
+2 17
+1 34
fe=(108)
362 51
cfi=(109)
cfn=(440)
calls=17 +99 
* 272

fl=(113)
fn=(476) alloc_perturb
2005 101520
+2 33840

fn=(454)
fi=(106)
234 32002
+1 32002
513 32002
240 64003
513 251229
+3 64002
246 15598
-6 79598
cob=(5)
cfn=(495) insert'2
calls=32000 513 
* 12090231
+3 16403
-3 16403
513 4
cob=(5)
cfn=(495)
calls=1 +14 
* 41
240 2
cob=(5)
cfn=(495)
calls=1 513 
* 36
410 2752
+1 2752
+1 2752
+1 5504
527 5504
+1 5504
-1 27520
+1 27520
415 2752
+98 26703
+3 5502
+4 72
-94 24
+2 5524
cob=(5)
cfn=(523) bstinsert'2
calls=2750 +85 
* 12831751
-5 2727
+94 2727
-89 2727
+1 1
+1 1
+4 1
-18 1
+19 4
-3 2
-16 1
+19 4
fi=(110)
104 8
cfi=(108)
cfn=(480)
calls=2 329 
* 42
+1 2
+1 20
-5 2
+1 2
fe=(113)
3287 41224
+7 41224
-7 123672
+7 41224
-7 41224
+7 41224
1343 41223
3306 164892
1362 41223
3306 41223
-2 123669
+2 41223
-2 82446
+2 41223
+3 164892
+10 104265
fi=(114) ./malloc/./malloc/arena.c
315 1
cfn=(458) ptmalloc_init.part.0
calls=1 -2 
* 1652
fe=(113)
3310 82444
+1 82444
3193 12936
+1 12936
+2 6468
+1 6468
3314 6468
3196 12936
+1 6468
3347 6468
3198 6468
3347 25872
-26 173775
cfn=(466) _int_malloc
calls=34755 3771 
* 6082646

fn=(464) tcache_init.part.0
3235 3
+9 3
-9 1
+9 6
cfi=(98)
cfn=(398)
calls=1 0 
* 6
* 1
+1 3
cfn=(466)
calls=1 3771 
* 412
fi=(119) ./string/../sysdeps/aarch64/memset.S
32 1
+5 1
+1 1
+2 1
+1 1
+43 1
+1 1
+1 1
+1 1
+1 1
+1 1
+2 1
+1 1
+1 1
+1 1
+1 1
+2 1
+1 1
-4 8
+1 8
+2 8
+1 8
+1 1
+1 1
+1 2
+7 1
+1 1
fe=(113)

fn=(466)
3771 104271
1343 69514
+19 278056
3811 34757
1810 34757
4397 34757
3838 104271
+63 6
+62 54
+1 6
3847 1834
+3 917
-9 917
+9 2751
+1 917
-1 1834
+1 2751
+5 917
+1 1834
+7 1834
-1 917
+1 917
-1 917
+1 6419
+6 917
3181 917
3869 917
3181 3668
3870 8253
cfn=(467) _int_malloc'2
calls=917 * 
* 185078
-17 173770
-10 34754
+2 34754
+59 169185
cfn=(467)
calls=33837 * 
* 4367226
+80 6
-1 2
-1 2
+2 2
-1 2
+1 8
-2 4
4158 2
3994 2
4158 2
-97 2
-73 2
+73 4
-73 4
+6 6
4183 4
+2 6
+3 8
+68 2
+1 2
-1 2
+1 2
+3 2
-1 2
-2 2
+2 2
-1 2
-1 2
+3 2
-3 2
+2 2
+1 2
+5 8
cfn=(467)
calls=2 +4 
* 84
3904 4
cfn=(467)
calls=1 * 
* 365
3245 1
+1 1
+8 3
cfi=(98)
cfn=(402)
calls=1 0 
* 6
* 2
+9 1
+1 3
-1 1
+4 3
-3 1
+83 208536
-26 34756
+1 139024
fi=(114)
162 34756
fe=(113)

fn=(467)
3904 67676
+2 101514
4413 135360
3875 25652
3183 12826
-2 12826
3870 6413
3181 6413
+2 19239
+1 6413
+1 25652
3870 25658
+2 12826
+2 6413
+1 6413
-1 6413
4399 372218
3903 33838
4399 135352
3984 101514
-1 33838
-1 33838
+2 33838
-1 33838
+1 135350
-2 67674
4158 33837
3994 33837
4158 33837
-97 33837
-73 33837
+73 67674
-73 67674
+6 101511
4158 1
3994 1
4158 1
-97 1
-73 1
+73 2
-73 2
+6 6
+8 1834
2005 2751
4413 7336
4183 67678
+73 33839
+1 33839
-1 33839
+1 33839
+3 33839
-1 33839
-2 33839
+2 33839
-1 33839
-1 33839
+3 33839
-3 33839
+2 33839
+1 33839
+5 135356
cfn=(467)
calls=33839 +4 
* 2134520
+7 406064
-3 406071
4369 33841
+3 33841
-2 67682
+2 67682
+3 101523
+17 70
+2 2
cfn=(554) malloc_consolidate
calls=1 4715 
* 145
+3 1
-1 4
+13 33840
cfn=(476)
calls=33840 2005 
* 135360
* 169200
cfn=(467)
calls=33840 +4 
* 135360
-29 101481
-2 33827
+2 33827
-3 33827
+2 33827
+6 33827
-5 33827
+2 33827
-2 67654
+6 33827
-4 33827
+4 67654
cfn=(467)
calls=33827 +23 
* 473578
+21 39
cfn=(468) sysmalloc
calls=13 2548 
* 2573

fn=(468)
2548 65
+20 13
-20 78
+20 13
-20 39
+20 13
+11 13
+1 78
+26 26
+1 26
+1 13
+9 98
+6 39
+3 52
+61 13
+8 13
-8 13
+9 13
+13 13
-22 26
+9 39
+13 13
+8 65
+8 26
+2 26
cfi=(116) ./malloc/./malloc/morecore.c
cfn=(470) __glibc_morecore
calls=13 26 
* 586
* 13
+1 26
2028 13
2729 13
2028 13
2729 13
2028 39
2730 13
+3 13
+33 13
2610 13
2766 26
cfn=(469) sysmalloc'2
calls=13 -2 
* 719
4407 13
+1 13
+1 26
cfn=(467)
calls=13 * 
* 182

fn=(469)
2941 39
+1 13
+5 26
+3 26
+5 13
-2 13
+2 13
-3 13
+3 13
+1 13
+2 13
-3 13
-1 13
+1 26
+3 13
-2 13
+2 13
cfn=(469)
calls=13 +6 
* 169
+6 169
2764 39
+2 13
+6 26
-6 39
+6 13
+1 24
2946 12
2773 24
cfn=(469)
calls=12 2941 
* 420
+2 5
+34 1
+6 2
+22 1
+1 1
-1 1
+1 4
+2 2
+1 2
cfi=(116)
cfn=(470)
calls=1 26 
* 31
* 1
+12 1
2028 5
2897 4
-2 1
+1 3
-1 1
+1 1
+1 1
+11 1
2765 2
cfn=(469)
calls=1 +1 
* 114
-35 3
cfn=(469)
calls=1 2837 
* 96

fn=(554)
4715 4
+15 1
-15 2
+15 1
+2 1
+11 1
+2 3
cfi=(98)
cfn=(556)
calls=1 0 
* 6
* 27
cfi=(98)
cfn=(556)
calls=9 0 
* 54
+1 10
+62 30
+1 5

fn=(536) free
fi=(106)
221 1
-3 1
+4 1
-1 1
+1 1
cob=(5)
cfn=(429) main'2
calls=1 -72 
* 112495366
491 16
-18 607
cob=(5)
cfn=(533) deleteonbst'2
calls=607 +18 
* 2428
fe=(113)
3356 612
-4 612
+14 612
-14 1224
+12 1836
+4 612
-16 612
+12 612
+4 612
+17 3060
fi=(114)
162 2448
cfi=(113)
cfn=(537) free'2
calls=612 3391 
* 64092
fe=(113)

fn=(537)
fi=(106)
378 1
-2 1
+1 2
cob=(5)
cfn=(559) deletetree'2
calls=1 -1 
* 2286064
+1 2
cob=(5)
cfn=(559)
calls=1 -2 
* 1140452
+1 2
cfi=(113)
cfn=(537)
calls=1 3356 
* 274
* 4
* 2
cfi=(113)
cfn=(537)
calls=1 3356 
* 142
* 4
228 16
-7 8
-3 8
+4 8
-1 8
+1 8
cob=(5)
cfn=(429)
calls=8 -72 
* 481384932
378 1158
cob=(5)
cfn=(559)
calls=579 -2 
* 11537027
+1 1282
cfi=(113)
cfn=(537)
calls=641 3356 
* 11267085
* 2564
-1 896
-2 896
+1 1632
cob=(5)
cfn=(559)
calls=816 -1 
* 10949660
+1 1632
cob=(5)
cfn=(559)
calls=816 -2 
* 10337235
+1 1632
cfi=(113)
cfn=(537)
calls=816 3356 
* 10130755
* 3264
* 1958
cfi=(113)
cfn=(537)
calls=979 3356 
* 10221854
* 3916
-1 1702
-2 1702
+1 1423
-1 1423
+1 1776
cob=(5)
cfn=(559)
calls=888 -1 
* 9374680
+1 1776
cob=(5)
cfn=(559)
calls=888 -2 
* 8708151
+1 1776
cfi=(113)
cfn=(537)
calls=888 3356 
* 8657678
* 3552
-1 1423
-2 1423
+1 1792
cob=(5)
cfn=(559)
calls=896 -1 
* 7966861
+1 1792
cob=(5)
cfn=(559)
calls=896 -2 
* 7372001
+1 1792
cfi=(113)
cfn=(537)
calls=896 3356 
* 7296327
* 3584
* 2846
cfi=(113)
cfn=(537)
calls=1423 3356 
* 7543249
* 5692
* 4070
cfi=(113)
cfn=(537)
calls=2035 3356 
* 7596425
* 8140
-1 4462
-2 4462
+1 3547
-1 3547
+1 1711
-1 1711
+1 1752
cob=(5)
cfn=(559)
calls=876 -1 
* 6588414
+1 1752
cob=(5)
cfn=(559)
calls=876 -2 
* 5831255
+1 1752
cfi=(113)
cfn=(537)
calls=876 3356 
* 5415302
* 3504
-1 1711
-2 1711
+1 1744
cob=(5)
cfn=(559)
calls=872 -1 
* 4962578
+1 1744
cob=(5)
cfn=(559)
calls=872 -2 
* 4217605
+1 1744
cfi=(113)
cfn=(537)
calls=872 3356 
* 3807344
* 3488
* 3422
cfi=(113)
cfn=(537)
calls=1711 3356 
* 4032508
* 6844
-1 3547
-2 3547
+1 1737
-1 1737
+1 1758
cob=(5)
cfn=(559)
calls=879 -1 
* 3408919
+1 1758
cob=(5)
cfn=(559)
calls=879 -2 
* 2602145
+1 1758
cfi=(113)
cfn=(537)
calls=879 3356 
* 1959846
* 3516
-1 1737
-2 1737
+1 1778
cob=(5)
cfn=(559)
calls=889 -1 
* 1731025
+1 1778
cob=(5)
cfn=(559)
calls=889 -2 
* 1018871
+1 1778
cfi=(113)
cfn=(537)
calls=889 3356 
* 351155
* 3556
* 3474
cfi=(113)
cfn=(537)
calls=1737 3356 
* 456831
* 6948
* 7094
cfi=(113)
cfn=(537)
calls=3547 3356 
* 464657
* 14188
* 5338
+3 16014
-3 5338
491 548
-18 8439
cob=(5)
cfn=(533)
calls=8439 +18 
* 33756
fe=(113)
3356 40609
-4 40609
+14 40609
-14 81218
+12 121827
+4 40609
-16 40609
+12 40609
+4 40609
+17 203045
fi=(114)
162 40609
fe=(113)
3391 82442
cfn=(540) _int_free
calls=41221 4421 
* 4038480
+3 41159
+1 164636
fi=(114)
162 121827
cfi=(113)
cfn=(537)
calls=40609 3391 
* 4262625
fe=(113)

fn=(540)
4421 206105
+10 41221
-10 123663
+10 41221
+6 41221
-16 123663
+16 164884
+1 82442
+4 164884
+8 412210
-1 41221
+10 41221
-9 41221
-1 41221
+1 82442
+9 41221
-6 41221
+6 164884
+20 206105
+14 123477
+11 164636
+2 164636
2012 123477
4527 123477
+7 41159
-6 41159
+4 41159
+2 82318
-2 41159
+2 41159
+4 82318
+2 123477
+1 41159
+19 164636
4702 535067
3181 124
+4 62
-2 62
-2 62
+2 62
-2 62
+3 62
+1 62
4482 62
cfn=(541) _int_free'2
calls=62 4702 
* 806
3394 62
+1 248

fn=(541)
4702 806

fl=(75) ./string/../sysdeps/aarch64/multiarch/strlen.c
fn=(284) strlen
34 10

fl=(84) ./elf/./elf/libc_early_init.c
fn=(318) __libc_early_init
fi=(2) ./elf/./elf/rtld.c
2523 1
cob=(1)
cfi=(9) ./elf/../elf/dl-sysdep.c
cfn=(338) _dl_sysdep_start_cleanup
calls=1 263 
* 1
+4 3
cob=(1)
cfi=(42)
cfn=(340)
calls=1 44 
* 11
+5 2
cob=(1)
cfi=(39) ./elf/./elf/dl-debug.c
cfn=(166) _dl_debug_update
calls=1 38 
* 7
+1 1
-1 1
+2 1
cob=(1)
cfi=(39)
cfn=(128) _dl_debug_state
calls=1 117 
* 1
+1 1
+4 1
cob=(1)
cfi=(62) ./elf/./elf/dl-cache.c
cfn=(342) _dl_unload_cache
calls=1 537 
* 22
+5 9
fe=(84)
33 9
+2 1
cfi=(85) ./ctype/./ctype/ctype-info.c
cfn=(320) __ctype_init
calls=1 -4 
* 20
+3 1
+3 1
fi=(87) ./elf/../sysdeps/nptl/pthread_early_init.h
-8 2
fe=(84)
+5 1
+3 1
-3 1
fi=(87)
-5 1
cfi=(86)
cfn=(322)
calls=1 +6 
* 9
* 2
+1 3
+4 3
+7 1
+8 2
-8 1
fi=(134) ./elf/../nptl/nptl-stack.h
+13 1
fi=(87)
-13 1
+9 1
-8 1
+6 1
fi=(134)
+6 1
fi=(87)
-6 1
fi=(134)
+6 2
fi=(87)
-12 1
+6 4
+1 1
-1 1
+5 1
cfi=(88) ./nptl/./nptl/pthread_mutex_conf.c
cfn=(326) __pthread_tunables_init
calls=1 -7 
* 861
fe=(84)

fl=(94) ./csu/./csu/init-first.c
fn=(372) _init_first
46 1
+5 1
-5 1
+5 1
-5 3
+5 1
+4 8
+8 1
-2 2
+10 1
-8 1
-2 1
+1 1
+9 1
+1 1
-9 1
+9 1
-1 1
cfi=(95)
cfn=(374)
calls=1 -40 
* 51

fl=(85)
fn=(320)
31 5
+2 2
+2 2
-4 2
+2 1
+2 3
-4 1
+2 1
-2 1
+2 1
+3 1

fl=(132)
fn=(628)
40 2
+4 2
-2 6
+2 2
+1 4
+2 2

fn=(624)
25 2
+2 6
+3 4
+3 2
-2 2
+3 2

fl=(104)
fn=(422)
29 1
+1 1
+1 1
cfn=(424) __sigsetjmp
calls=1 +8 
* 32

fn=(424)
39 1
+1 1
+1 1
+1 1
+1 1
+3 4
+1 1
+7 1
+1 1
+1 1
+1 1
+1 1
+2 1
+1 4
+1 1
+10 1
cfi=(105)
cfn=(426)
calls=1 -44 
* 10

fl=(129) ./stdlib/./stdlib/cxa_finalize.c
fn=(582) __cxa_finalize
30 2
+3 2
-3 6
+3 2
-3 2
+3 4
-3 2
+3 2
-3 4
+3 2
cfi=(98)
cfn=(398)
calls=2 -33 
* 12
* 2
+46 2
-36 2
+36 2
-43 8
+4 12
-4 4
+58 6
+4 12
-4 4
+11 2
+1 4
cfi=(130)
cfn=(584)
calls=2 -30 
* 74
+1 10
cfi=(98)
cfn=(402)
calls=2 0 
* 12
* 4
+1 14

fl=(111) ./io/../sysdeps/unix/sysv/linux/fstat64.c
fn=(448) fstat
29 2
+1 2
+5 8
cfi=(112) ./io/../sysdeps/unix/sysv/linux/fstatat64.c
cfn=(450) fstatat
calls=2 +63 
* 16

fl=(120)
fn=(482)
940 2
+2 1
-2 1
fi=(109)
505 2
cfi=(108)
cfn=(484)
calls=1 164 
* 24
+11 1
-5 1
fe=(120)
942 1
fi=(109)
512 1
+1 1
+1 1
fe=(120)
943 2
fi=(109)
516 5
cfn=(486) _IO_file_read
calls=1 1133 
* 24
+2 2
+7 1
+9 1
-9 2
+9 2
+2 4
+1 3
fe=(120)

fl=(88)
fn=(326)
50 2
+1 1
-1 3
+1 2
-1 3
+1 3
cob=(1)
cfi=(10) ./elf/./elf/dl-tunables.c
cfn=(26) __tunable_get_val
calls=1 405 
* 24
cob=(1)
cfi=(89)
cfn=(332)
calls=1 -13 
* 785
* 28
fi=(84)
-2 10
fe=(88)

fl=(116)
fn=(470)
26 42
-1 28
+4 14
cfi=(117) ./misc/./misc/sbrk.c
cfn=(472) sbrk
calls=14 +8 
* 477
+1 28
+4 28

fl=(114)
fn=(458)
313 2
+5 1
-5 3
+5 1
-5 1
+5 1
fi=(113)
3162 1
fe=(114)
313 3
fi=(113)
3162 3
fe=(114)
318 1
fi=(113)
3162 1
cfi=(115)
cfn=(460)
calls=1 28 
* 20
* 2
fe=(114)
343 3
+4 8
fi=(113)
1969 1
-3 3
+3 126
-3 378
+11 2
+1 1
-1 1
+1 2
+2 1
fe=(114)
352 4
fi=(113)
1980 1
fe=(114)
352 1
cob=(1)
cfi=(10)
cfn=(26)
calls=12 +53 
* 286
* 117
fi=(113)
3306 4
1362 1
3306 1
-2 3
+2 1
-2 2
+2 1
+13 3
1343 1
3241 3
cfn=(464)
calls=1 -6 
* 491
+68 4
+12 5
cfn=(466)
calls=1 3771 
* 157
fe=(114)

fl=(128)
fn=(572) __pthread_mutex_unlock_usercnt
fi=(126)
113 2
+2 1
+2 2
+6 1
-3 2
+3 1
+4 3
+12 1
-1 1
+2 1
-2 1
+2 1
+1 1
-3 1
+3 3
+1 2
cob=(5)
cfi=(100)
cfn=(574) 0x0000000000000f80
calls=1 0 
* 1075
fe=(128)
-94 1
+3 1
-3 2
+3 2
+1 1
-1 1
+1 1
+5 3
+17 2
+6 4
+4 6
+3 5
cfn=(573) __pthread_mutex_unlock_usercnt'2
calls=1 -25 
* 22

fn=(573)
62 2
+1 1
-24 1
+1 6
+30 1
+2 1
+32 4
-39 4
cfn=(573)
calls=1 -26 
* 15
-24 2
cfn=(573)
calls=1 +29 
* 6

fn=(570)
368 2
cfn=(572)
calls=1 48 
* 1150

fl=(97) ./libio/./libio/vtables.c
fn=(378) check_stdfiles_vtables
84 7
+1 5
+1 5
+2 1

fl=(121) ./io/../sysdeps/unix/sysv/linux/read.c
fn=(488) read
25 147
+1 98
-1 49
+1 441
+1 245

fl=(117)
fn=(472)
37 14
+6 14
-6 28
+3 14
+3 14
-3 14
-3 28
+3 14
+3 14
+20 2
+15 70
-20 14
+1 2
cfi=(118)
cfn=(474)
calls=1 -24 
* 10
* 1
+4 1
-1 28
+4 39
+8 13
cfi=(118)
cfn=(474)
calls=13 -39 
* 130
* 13

fl=(109)
fn=(446)
1147 4
cfi=(111)
cfn=(448)
calls=2 29 
* 28

fn=(550) _IO_file_write@@GLIBC_2.17
1173 12
+2 18
+5 15
cfi=(123)
cfn=(552)
calls=3 25 
* 60
+1 3
+5 3
+1 3
-12 6
+14 6
+1 6
+3 9

fn=(636)
792 4
+5 2
-5 4
+5 4
+2 2
+1 4
+11 6
+4 6

fn=(544) _IO_do_write@@GLIBC_2.17
425 3
-2 12
+2 3
cfn=(546) new_do_write
calls=3 +6 
* 315
778 4
+2 4
cfn=(517)
calls=2 * 
* 24
fi=(108)
-83 1
+1 1
+3 3
+6 2
+2 2
-14 2
+16 4
-16 2
+20 6
+1 2
cfi=(132)
cfn=(628)
calls=1 40 
* 9
+4 14
-19 3
+14 4
cfi=(98)
cfn=(402)
calls=1 0 
* 6
* 2
fe=(109)

fn=(632)
381 8
+1 2
cfi=(108)
cfn=(634)
calls=2 +70 
* 118
* 2
+7 2
-3 2
+1 2
-2 2
+1 2
+4 6

fn=(440)
461 268
+4 134
+3 49
+6 147
+3 196
+12 240
fi=(120)
940 96
+2 48
-2 48
fe=(109)
505 96
cfi=(108)
cfn=(484)
calls=48 164 
* 1152
+11 48
-5 48
fi=(120)
942 48
fe=(109)
512 48
+1 48
+1 48
fi=(120)
943 96
fe=(109)
516 240
cfn=(486)
calls=48 1133 
* 1152
+2 96
+7 47
+9 47
-9 94
+9 94
+2 188
+1 141
-16 1
+10 1
+1 3
-1 1
-10 3
+2 1
+14 3
-57 2
+5 2
cfi=(108)
cfn=(442)
calls=1 343 
* 2450
-19 36
cfn=(441) _IO_file_underflow@@GLIBC_2.17'2
calls=18 +71 
* 54
fi=(108)
363 38
+2 4
+1 57
fe=(109)

fn=(441)
537 54

fn=(516)
fi=(107) /usr/include/aarch64-linux-gnu/bits/stdio.h
110 3
cob=(5)
cfi=(106)
cfn=(509) printstring'2
calls=3 588 
* 135
fe=(109)
731 16
+1 8
+7 15
+37 3
-2 6
+3 6
-35 1
+33 2
+12 1
-12 1
+12 1
-12 1
cfn=(544)
calls=1 425 
* 174
+3 14
cfn=(544)
calls=2 425 
* 254
-34 2
cfi=(108)
cfn=(442)
calls=1 343 
* 351

fn=(517)
774 2
+3 3
+3 9
+1 6
+1 9
+4 3
+1 9
-33 1
+9 3
+5 1
+2 1
+1 1
-1 1
-2 1
-2 1
+1 1
+4 5

fn=(486)
1133 196
cfi=(121)
cfn=(488)
calls=49 25 
* 980

fn=(546)
431 12
+2 3
-2 3
fi=(120)
942 3
-2 3
fe=(109)
431 3
fi=(120)
942 3
-2 3
fe=(109)
431 6
fi=(120)
940 3
fe=(109)
443 3
-10 3
fi=(120)
942 3
+1 6
fe=(109)
448 15
cfn=(550)
calls=3 1173 
* 141
* 3
+1 12
+6 3
-4 6
+1 6
+3 6
-1 12
+1 6
cfn=(547) new_do_write'2
calls=3 -2 
* 21
-15 12
-15 6
+1 9

fn=(547)
453 3
+4 18

fl=(112)
fn=(450)
98 8
+70 6
+1 2

fl=(119)
fn=(478) __GI_memset
32 10
+5 10
+1 10
+2 10
+1 10
+43 10
+1 10
+1 10
+1 10
+1 10
+1 10
+2 10
+1 10
+1 10
+1 10
+1 10
+2 10
+1 10
-4 70
+1 70
+2 70
+1 70
+1 10
+1 10
+1 20
+7 10
+1 10

ob=(4) /usr/libexec/valgrind/vgpreload_core-arm64-linux.so
fl=(92) ???
fn=(600) 0x0000000000000600
0 12
cfn=(612) 0x0000000000000590
calls=1 0 
0 12
cob=(1)
cfi=(89)
cfn=(332)
calls=1 38 
0 741
0 10
fi=(126)
115 2
+2 4
+6 2
-3 4
+3 2
+18 3
+5 2
+1 4
cob=(2)
cfi=(44)
cfn=(618) 0x00000000048407fc
calls=1 0 
* 5
+6 6
cob=(1)
cfi=(42)
cfn=(598) _dl_audit_objclose
calls=3 -57 
* 33
+5 3
-45 3
+45 6
-45 6
+49 3
cob=(1)
cfi=(42)
cfn=(340)
calls=1 44 
* 11
51 6
+73 4
fe=(92)

fn=(616) 0x0000000000000634
0 5

fn=(354) 0x0000000000000570
0 4

fn=(362) 0x00000000000005c0
0 10

fn=(360) 0x0000000000000650
0 1
cfn=(362)
calls=1 0 
0 10

fn=(612)
0 7
cfn=(616)
calls=1 0 
0 5

ob=(1)
fl=(16) ./string/../sysdeps/aarch64/multiarch/../strlen.S
fn=(36) strlen
56 13
+2 13
+1 13
+1 13
+1 13
+1 13
+1 13
+1 13
+1 13
+1 13
+1 13
+1 13
+2 6
+1 6
+1 6
+1 6
+4 16
+1 16
+1 16
+1 16
+1 16
+2 7
+1 7
+1 7
+1 7
+2 7
+2 7
+1 7
+1 7

fl=(54) ./elf/./dl-map-segments.h
fn=(176) _dl_map_object_from_fd
58 2
+1 4
-1 10
+2 4
+43 6
-42 2
cfi=(55) ./misc/../sysdeps/unix/syscall-template.S
cfn=(178) munmap
calls=2 +59 
* 12
* 2
+41 2
+1 6
cfn=(177) _dl_map_object_from_fd'2
calls=2 +4 
* 453

fn=(177)
107 4
-1 2
+3 2
+7 18
+3 8
cfi=(55)
cfn=(180) mprotect
calls=2 +1 
* 12
* 6
+7 2
+2 2
-2 4
-97 2
fi=(56) ./elf/./dl-load.h
+62 4
+1 8
+2 8
fe=(54)
+56 12
+8 2
-2 2
+2 2
-2 2
+1 2
+1 2
+1 2
-1 8
+8 4
+3 2
+8 16
cfi=(35) ./string/../sysdeps/aarch64/memset.S
cfn=(98) memset
calls=2 32 
* 176
+1 8
+5 4
+12 4
-59 20
+2 2
+3 2
-3 4
+2 20
cfi=(53) ./misc/../sysdeps/unix/sysv/linux/mmap64.c
cfn=(174) mmap
calls=2 -90 
* 20
* 8
fi=(29) ./elf/./elf/dl-load.c
1268 8
fi=(56)
95 4
+1 1
+1 2
-1 1
+1 1
-1 3
+3 4
cfi=(54)
cfn=(177)
calls=1 +51 
* 93
fe=(54)
+88 9
cfi=(53)
cfn=(174)
calls=1 50 
* 10
+3 4

fl=(70) ./elf/./elf/dl-reloc.c
fn=(286) _dl_protect_relro
342 4
+1 4
-1 4
+1 8
-1 8
+1 8
+3 4
-3 8
+3 8
+4 8
+7 12
-6 12
cfi=(55)
cfn=(180)
calls=4 120 
* 24
* 4

fn=(262) _dl_relocate_object
194 3
+10 1
-10 1
+14 1
-14 8
+16 1
+2 2
+1 1
-1 1
+1 1
+19 2
+6 2
+1 1
+1 3
cfn=(263) _dl_relocate_object'2
calls=1 +2 
* 47373
fi=(2)
2445 4
+1 2
-23 1
+23 1
cfi=(40) ./elf/./elf/dl-tls.c
cfn=(288) _dl_add_to_slotinfo
calls=1 1015 
* 24964
fe=(70)

fn=(263)
194 9
+10 3
-10 3
+14 3
-14 24
+16 3
+2 6
+1 3
-1 3
+1 3
+19 6
+6 6
+4 12
+7 12
fi=(5) ./elf/../sysdeps/aarch64/dl-machine.h
67 20
fe=(70)
288 18
fi=(4) ./elf/../sysdeps/generic/ldsodefs.h
80 4
fe=(70)
288 56
fi=(4)
80 4
fe=(70)
288 44
fi=(5)
-32 10
fe=(70)
-51 2
fi=(6) ./elf/./elf/do-rel.h
100 4
fe=(70)
205 6
+83 2
fi=(6)
48 2
+1 2
fe=(70)
288 2
fi=(6)
60 2
fe=(70)
288 4
fi=(6)
48 4
+1 4
fe=(70)
288 4
fi=(6)
60 4
+3 4
fi=(5)
318 2
+8 2
-8 2
+8 2
fi=(73) ./elf/../sysdeps/aarch64/dl-irel.h
37 4
cfi=(5)
cfn=(264) _dl_relocate_object
calls=1 389 
* 113
cfi=(5)
cfn=(265) _dl_relocate_object'2
calls=1 389 
* 370
fe=(70)
288 18
+3 10
+24 6
+3 4
+17 4
-96 3
+1 9
cfn=(263)
calls=3 +2 
* 19657
fi=(4)
80 2
fi=(5)
-7 6
+1 4
+12 2
-8 2
+8 2
fi=(6)
* 4
+2 4
fi=(4)
-8 4
fi=(6)
+20 8
-12 4
-2 16
+14 8
+10 3
+3 6
fi=(5)
378 1226
fi=(6)
113 1226
fi=(5)
378 3678
fi=(6)
113 2452
+7 8
fi=(4)
-40 3
fi=(6)
+44 6
+2 6
fi=(5)
305 6
fi=(6)
128 1
+3 2
-3 1
fi=(5)
247 1
fi=(6)
130 1
-1 1
-1 1
+1 2
-1 1
+3 1
fi=(5)
249 2
+2 1
+5 3
fi=(4)
138 3
fi=(5)
256 21
fi=(4)
80 1
fi=(5)
256 13
cfi=(71) ./elf/./elf/dl-lookup.c
cfn=(270) _dl_lookup_symbol_x
calls=1 840 
* 38654
fe=(70)
+32 1
fi=(6)
50 1
fe=(70)
288 3
cfn=(263)
calls=1 * 
* 126
fi=(5)
+17 2
fi=(6)
175 4
+2 2
fi=(5)
+70 1
fi=(6)
-69 1
-1 3
fi=(5)
+72 2
+2 1
+5 3
fi=(4)
138 3
fi=(5)
256 16
fi=(4)
80 1
fi=(5)
256 14
cfi=(71)
cfn=(270)
calls=1 840 
* 3027
fe=(70)
+80 4
cfn=(286)
calls=2 +6 
* 58
+1 16
fi=(5)
101 2
fe=(70)
288 4
fi=(5)
101 4
fe=(70)
288 14
cfi=(5)
cfn=(264)
calls=2 -32 
* 16369
fi=(2)
2423 6
+2 2
+5 2
+2 1
+6 3
+2 2
+1 7
cfi=(70)
cfn=(263)
calls=1 194 
* 21674
+4 4
+9 1
+2 1
-2 3
+5 6
+2 5
+7 3
cfi=(40)
cfn=(292) _dl_allocate_tls_init
calls=1 528 
* 10608
+40 1
cfn=(41) dl_main'2
calls=1 +8 
* 1259
fe=(70)

fl=(42)
fn=(130) _dl_audit_activity_map
28 3
+1 2
-1 2
+2 1
-2 1
+1 1
+1 1
+6 5

fn=(340)
44 9
+1 3
-1 3
+2 3
-2 3
+2 9
+4 3

fn=(598)
96 12
+1 8
-1 4
+1 8
+16 12

fn=(190) _dl_audit_objopen
76 6
+1 4
-1 4
+1 4
+15 8

fn=(418) _dl_audit_preinit
117 3
+1 2
-1 2
+1 2
+10 4

fl=(29)
fn=(80) _dl_init_paths
706 1
+14 1
-14 2
+14 1
-14 1
fi=(21) ./elf/../include/rtld-malloc.h
56 1
fe=(29)
706 5
+14 5
cfi=(30) ./elf/./elf/dl-hwcaps.c
cfn=(82) _dl_important_hwcaps
calls=1 175 
* 2092
fi=(2)
1731 3
cfi=(39)
cfn=(120) _dl_debug_initialize
calls=1 56 
* 34
* 1
+7 1
-7 1
+2 1
+5 1
+3 4
cfn=(41)
calls=1 +1 
* 86225
fe=(29)

fn=(81) _dl_init_paths'2
767 3
+1 12
cfi=(35)
cfn=(98)
calls=3 32 
* 42
+2 8
-8 2
+8 2
-7 2
+7 2
-7 2
-7 2
+3 2
+3 2
+4 6
-3 4
cfn=(81)
calls=2 +4 
* 1641
+19 1
-6 1
+6 1
+3 2
-15 1
+15 1
-8 1
+8 1
-9 2
+11 4
+2 2
+36 4
+2 2
cfi=(16)
cfn=(36)
calls=1 56 
* 25
* 7
-19 1
-2 2
+2 1
+19 8
cfi=(23) ./string/../sysdeps/aarch64/multiarch/../memcpy.S
cfn=(56) memcpy
calls=1 75 
* 15
+5 1
-5 1
+5 2
-1 2
+2 1
-1 1
+1 1
+1 2
-2 1
+1 13
-1 13
+1 13
+1 26
-2 13
+5 2
fi=(21)
56 1
fe=(29)
836 2
fi=(21)
56 1
cfi=(22) ./elf/./elf/dl-minimal-malloc.c
cfn=(54) __minimal_malloc
calls=1 -21 
* 24
* 1
fe=(29)
836 1
+2 1
+6 7
cfn=(102) fillin_rpath.isra.0
calls=1 468 
* 568
-22 2
cfn=(81)
calls=1 +3 
* 759

fn=(102)
468 5
+41 3
-41 2
+64 1
-64 2
+4 1
+60 1
-64 3
+6 3
cfi=(7) ./elf/./elf/dl-minimal.c
cfn=(104) strsep
calls=1 242 
* 195
* 2
+7 2
+2 3
cfn=(106) expand_dynamic_string_token
calls=1 -98 
* 119
* 1
+4 1
+5 1
cfi=(16)
cfn=(36)
calls=1 56 
* 16
* 1
+1 1
+7 6
+5 5
cfn=(103) fillin_rpath.isra.0'2
calls=1 +4 
* 180
847 3
+6 3
+4 8

fn=(103)
474 3
cfi=(7)
cfn=(104)
calls=1 242 
* 6
* 2
+97 1
+3 7
-65 10
+1 12
+55 2
fi=(21)
50 4
cfi=(22)
cfn=(118) __minimal_free
calls=1 +45 
* 11
+1 1
cfi=(29)
cfn=(103)
calls=1 474 
* 19
fe=(29)
528 2
+4 1
fi=(21)
56 1
fe=(29)
532 3
fi=(21)
56 1
fe=(29)
532 2
fi=(21)
56 2
cfi=(22)
cfn=(54)
calls=1 -21 
* 24
* 1
fe=(29)
534 1
+5 1
+1 2
-1 3
-1 1
+2 1
cfi=(23)
cfn=(56)
calls=1 75 
* 15
* 1
+3 1
-2 1
+2 3
+7 1
-1 1
+1 1
-1 3
+1 3
+1 1
-1 3
+1 7
-1 21
+4 1
-1 2
+1 1
+7 2
-6 1
+7 2
cfn=(103)
calls=1 +3 
* 37
-34 2
cfn=(103)
calls=1 +4 
* 154
* 2
cfn=(103)
calls=1 +33 
* 42

fn=(108) _dl_dst_count
238 5
+3 5
-3 10
+7 5
-4 5
cfi=(36) ./string/../sysdeps/aarch64/strchr.S
cfn=(110) index
calls=5 58 
* 169
+3 5
+20 20

fn=(150) _dl_map_object
fi=(60) ./elf/./elf/dl-deps.c
64 1
+5 3
fe=(29)
2022 24
+8 12
+1 32
+3 42
+5 45
+2 27
cfi=(47) ./elf/./elf/dl-misc.c
cfn=(152) _dl_name_match_p
calls=9 68 
* 677
* 9
+4 14
+1 14
fi=(4)
80 2
fe=(29)
2049 4
+1 2
-1 4
+1 2
+1 6
cfi=(24) ./string/../sysdeps/aarch64/strcmp.S
cfn=(66) strcmp
calls=2 64 
* 60
* 2
2329 16
2067 2
+2 4
-1 14
+9 2
-53 2
+53 4
+17 4
-2 2
+2 2
cfi=(36)
cfn=(110)
calls=2 58 
* 46
* 2
2260 1
-1 3
cfn=(106)
calls=1 385 
* 163
-1 1
+3 2
+4 6
cfn=(156) open_verify.constprop.0
calls=1 1568 
* 1755
2098 3
cfi=(16)
cfn=(36)
calls=1 56 
* 16
+2 1
-2 2
+2 1
+7 3
+4 2
+8 5
-7 1
+5 1
+2 1
-7 6
cfn=(151) _dl_map_object'2
calls=1 +5 
* 5027
fi=(2)
666 1
+2 3
fe=(29)

fn=(151)
2158 12
cfn=(202) open_path
calls=1 1870 
* 4965
-42 2
+1 6
cfn=(200) cache_rpath
calls=1 682 
* 6
* 2
+14 4
+1 7
+1 7
cfn=(200)
calls=1 682 
* 6
* 3
+9 1
+15 5
+1 1

fn=(106)
385 12
+10 4
cfn=(108)
calls=2 238 
* 90
+3 2
+1 2
+11 6
-11 2
cfi=(37) ./string/./string/strdup.c
cfn=(112) strdup
calls=2 40 
* 164

fn=(200)
682 3
-1 3
+1 6
+1 3
+16 3

fn=(156)
1568 9
+39 6
-39 6
+39 3
-39 27
+39 3
+19 9
cfi=(48) ./io/../sysdeps/unix/sysv/linux/open64_nocancel.c
cfn=(158) __open_nocancel
calls=3 28 
* 55
* 3
+2 6
+12 2
-1 4
+6 2
-6 2
+1 2
+5 8
cfi=(49) ./io/../sysdeps/unix/sysv/linux/read_nocancel.c
cfn=(160) __read_nocancel
calls=2 26 
* 12
+4 2
-2 4
+2 4
+2 4
+6 4
+17 30
+74 2
-74 2
+74 4
+5 6
+2 10
+6 6
+6 2
+1 2
-1 2
+2 2
-1 6
+21 6
+31 6
-31 2
1633 2
1820 6
cfn=(157) open_verify.constprop.0'2
calls=2 -30 
* 240
1612 2
cfn=(157)
calls=1 1856 
* 9
+62 6
1922 1
+2 2
+2 2
+5 1
+1 8
+6 1
+2 1
-2 1
+2 1
-2 1
+2 1
cfi=(61) ./io/../sysdeps/unix/sysv/linux/stat64.c
cfn=(204) stat
calls=1 29 
* 16
+3 1
-3 1
+3 2
cfn=(203) open_path'2
calls=1 -41 
* 1150
2265 1
+3 2
+12 2
+46 1
+1 4
-1 1
+1 5
-1 1
+1 1
cfn=(164) _dl_map_object_from_fd
calls=1 944 
* 1506
-1 1
+1 4
-1 1
+1 5
-1 1
+1 1
cfn=(164)
calls=1 944 
* 1762
-97 1
+4 3
+1 2
+17 2
+28 5
+2 2

fn=(157)
1568 21
+39 14
-39 14
+39 7
-39 63
+39 7
+19 21
cfi=(48)
cfn=(158)
calls=7 28 
* 147
* 7
+2 14
fi=(21)
50 8
cfi=(22)
cfn=(118)
calls=2 +45 
* 22
fe=(29)
1856 90
-67 72
+1 45
+1 8
+4 6
+1 2
-1 4
+28 2
+3 2
-3 18
-1 2
+4 4
+5 1
+1 1
-12 12
+15 1
+3 1
+2 1
+1 1
+1 1
-3 2
+1 1
+2 1
-4 1
+4 3
1612 14
cfn=(157)
calls=7 1856 
* 63
1922 7
+2 14
+2 14
+5 7
+1 56
+6 7
+2 7
-2 7
+2 7
-2 7
+2 7
cfi=(61)
cfn=(204)
calls=7 29 
* 109
+3 7
-3 7
+1 1
+2 1
-2 1
+2 5
cfn=(203)
calls=1 -41 
* 29
* 12
cfn=(203)
calls=6 -41 
* 3539

fn=(164)
944 28
+10 2
-10 6
+10 2
cfi=(39)
cfn=(166)
calls=2 38 
* 14
* 2
+7 6
+85 6
+10 6
+7 14
cfi=(20) ./elf/./elf/dl-object.c
cfn=(47) _dl_new_object'2
calls=2 59 
* 3070
fi=(50) ./elf/../sysdeps/posix/dl-fileid.h
37 6
cfi=(51) ./io/../sysdeps/unix/sysv/linux/fstat64.c
cfn=(170) fstat
calls=2 -8 
* 28
* 2
fe=(29)
999 10
fi=(50)
41 4
fe=(29)
999 14
+1 10
fi=(50)
49 18
fe=(29)
1018 2
2327 2
+2 16

fn=(165) _dl_map_object_from_fd'2
1111 36
+20 2
-21 45
+1 87
1213 4
1110 2
1214 4
1110 4
1218 6
+10 2
+1 2
-1 2
+1 2
-1 4
+1 2
-1 2
+1 2
-1 4
+7 6
+10 6
+7 2
fi=(54)
97 2
fe=(29)
1252 6
fi=(54)
28 2
fe=(29)
1252 2
fi=(54)
96 2
fe=(29)
1252 2
fi=(54)
96 2
-68 4
fe=(29)
1515 18
1111 14
+26 16
+12 12
-3 4
-1 4
+1 8
+5 4
-4 8
+2 4
-2 4
+1 4
+3 4
-2 4
+2 16
+2 16
+4 10
+1 4
+4 2
+1 2
-18 2
+17 2
+1 6
-1 2
+11 2
cfn=(165)
calls=2 -63 
* 893
-11 2
+1 2
-18 2
+17 2
+1 6
-1 2
+11 2
cfn=(165)
calls=2 -63 
* 1001
-56 4
+9 2
-1 2
+1 6
-2 2
+2 2
-1 2
-1 2
+1 2
+1 4
cfn=(165)
calls=2 -16 
* 847
+50 2
+4 1
+14 1
-13 2
+13 1
-70 1
+61 5
+1 1
+3 1
-3 1
+8 2
+15 4
+1 2
cfn=(165)
calls=2 1110 
* 751
1471 2
+1 4
+5 2
cfi=(40)
cfn=(218) _dl_assign_tls_modid
calls=1 147 
* 14
+7 3
cfi=(20)
cfn=(60) _dl_add_to_namespace_list
calls=1 31 
* 54
+3 3
+23 8
+1 3
cfi=(42)
cfn=(190)
calls=1 76 
* 13
* 1
cfn=(165)
calls=1 +4 
* 9
-5 2
fi=(54)
36 6
+1 2
-1 2
+1 10
-1 4
+1 2
cfi=(53)
cfn=(174)
calls=2 +13 
* 20
* 2
+4 4
+3 2
+1 8
-1 6
+1 4
-1 2
+1 2
cfi=(53)
cfn=(174)
calls=2 +5 
* 20
* 2
+4 12
+6 4
+1 12
cfi=(55)
cfn=(178)
calls=2 +64 
* 12
* 10
cfn=(176)
calls=2 +2 
* 503
fe=(29)

fn=(202)
1870 9
+1 1
-1 1
+1 1
-1 3
+7 1
+5 19
+3 1
-3 1
1525 1
1874 1
+11 1
-10 1
+10 1
1545 4
1894 3
+7 2
-12 1
+13 1
-1 2
cfi=(23)
cfn=(56)
calls=1 75 
* 15
* 1
+52 1
+17 1
-17 1
-52 1
+69 1
-17 1
-51 8
+3 3
+5 8
cfi=(23)
cfn=(56)
calls=1 75 
* 14
* 5
cfi=(23)
cfn=(56)
calls=1 75 
* 15
* 1
+9 1
-6 1
+6 2
+3 7
cfn=(156)
calls=1 1568 
* 1246
2164 1
-6 1
+6 3
+1 7
cfn=(200)
calls=1 682 
* 6
* 3
+8 1
+14 1
+2 3
+4 2
cfi=(62)
cfn=(206) _dl_load_cache_lookup
calls=1 416 
* 3549

fn=(203)
1905 21
+5 56
cfi=(23)
cfn=(56)
calls=7 75 
* 103
* 35
cfi=(23)
cfn=(56)
calls=7 75 
* 105
* 7
+9 7
-6 7
+6 14
+3 49
cfn=(157)
calls=7 1568 
* 4243
+69 6
+7 3
-2 1
+2 1
-2 2
+2 1
+3 1
1880 1
2015 9
1902 46
cfn=(203)
calls=7 +3 
* 4647

fl=(65) ./malloc/./malloc/scratch_buffer_set_array_size.c
fn=(222) __libc_scratch_buffer_set_array_size
30 1
+4 1
-4 2
+5 1
-4 1
-1 1
+5 2
+10 1
+1 1
-1 2
+18 3
cfi=(60)
cfn=(195) _dl_map_object_deps'2
calls=1 217 
* 1248

fn=(223) __libc_scratch_buffer_set_array_size'2
30 1
+4 1
-4 2
+5 1
-4 1
-1 1
+5 2
+10 1
+1 1
-1 2
+18 3

fl=(79) ./elf/../sysdeps/generic/dl-hash.h
fn=(304) __rtld_malloc_init_real
48 3
-3 1
+17 3
-17 3
cfn=(305) __rtld_malloc_init_real'2
calls=1 +3 
* 2293

fn=(305)
48 9
-3 3
+17 9
-17 7
cfn=(305)
calls=2 +3 
* 4556
+22 1
fi=(7)
+24 5
fe=(79)
-19 1
fi=(7)
+17 1
+2 1
cfn=(306) lookup_malloc_symbol
calls=1 -30 
* 2256
fe=(79)

fl=(69) ./elf/../sysdeps/aarch64/dl-bti.c
fn=(260) _dl_bti_check
81 3
+13 1

fl=(78) ./elf/./dl-find_object.h
fn=(298) _dl_find_object_from_map
95 10
+1 15
+1 10
+6 20
+1 10
+1 15
cfn=(299) _dl_find_object_from_map'2
calls=5 * 
* 207

fn=(299)
104 81
+1 96
+2 25
+13 5

fl=(61)
fn=(204)
29 40
cfi=(52) ./io/../sysdeps/unix/sysv/linux/fstatat64.c
cfn=(172) fstatat
calls=8 +69 
* 85

fl=(39)
fn=(128)
117 2

fn=(166)
38 3
+2 3
+8 3
-7 6
+3 6

fn=(120)
56 1
+3 1
+4 1
-6 1
+6 3
+1 1
-7 1
+7 2
cfn=(121) _dl_debug_initialize'2
calls=1 +21 
* 23

fn=(121)
85 2
+5 2
+1 2
-1 1
+1 1
-1 1
+2 1
+3 2
+4 1
+8 1
-11 9
cfn=(121)
calls=1 +3 
* 2

fl=(46) ./setjmp/../sysdeps/aarch64/setjmp.S
fn=(146) __sigsetjmp
35 4
+4 4
+1 4
+1 4
+1 4
+1 4
+3 12
+1 4
+7 4
+1 4
+1 4
+1 4
+1 4
+2 4
+1 12
+1 4
+7 4
+1 4

fl=(60)
fn=(194) _dl_map_object_deps
159 1
+1 2
-1 4
+1 1
-1 1
+1 1
-1 1
+1 2
-1 1
+1 1
-1 3
+1 8
-16 1
+2 1
+6 1
-6 1
+6 3
+24 2
-30 2
-2 1
+33 1
-1 1
-30 2
+30 1
-24 3
+24 2
+28 1
-60 2
+2 2
+52 1
+2 1
fi=(64) ./elf/../include/scratch_buffer.h
77 2
fe=(60)
198 1
303 1
198 1
303 1
200 1
fi=(64)
77 1
fe=(60)
209 1
-9 1
fi=(64)
78 2
fe=(60)
180 1
+33 1
-33 1
+29 2
+4 1
+11 2
-10 4
fi=(4)
80 1
fe=(60)
226 3
+11 1
-5 1
+1 2
+1 2
+3 1
-6 1
+6 2
+58 3
-58 1
-31 1
+32 2
+6 4
cfi=(29)
cfn=(108)
calls=1 -6 
* 34
* 3
+4 3
-2 1
+2 1
cfi=(45) ./elf/./elf/dl-error-skeleton.c
cfn=(144) _dl_catch_exception
calls=1 -73 
* 7370
* 4
fi=(2)
1976 2
+1 4
-1 2
+1 3
-1 1
+1 3
-1 6
+1 9
-1 3
+4 6
+1 2
+1 1
+2 2
+1 5
cfn=(41)
calls=1 * 
* 75754
fe=(60)

fn=(195)
224 7
-18 1
+18 1
433 1
fi=(21)
56 1
fe=(60)
435 2
fi=(21)
56 1
fe=(60)
438 2
fi=(21)
56 2
cfi=(22)
cfn=(54)
calls=1 -21 
* 24
* 1
fe=(60)
439 1
+6 1
+1 1
+1 1
-1 3
cfi=(23)
cfn=(56)
calls=1 75 
* 15
+1 4
cfi=(23)
cfn=(56)
calls=1 75 
* 15
+2 1
+2 1
-1 1
+1 2
+4 3
204 1
+5 1
-5 1
+5 1
+4 1
-4 1
+4 1
+1 6
fi=(64)
-83 4
cfi=(65)
cfn=(223)
calls=1 30 
* 16
fe=(60)
+86 4
+4 4
cfn=(195)
calls=2 +3 
* 2355
458 2
-1 3
+1 1
fi=(4)
80 1
fe=(60)
226 3
+11 1
-5 1
+1 2
+1 2
+3 1
-6 1
+6 2
+58 3
-58 1
-31 1
+32 2
+6 4
cfi=(29)
cfn=(108)
calls=1 -6 
* 50
* 3
+4 3
-2 1
+2 1
cfi=(22)
cfn=(54)
calls=1 35 
* 521
cfi=(45)
cfn=(145) _dl_catch_exception'2
calls=1 -73 
* 282
* 223
468 3
+11 1
fi=(21)
56 2
fe=(60)
479 2
fi=(21)
56 2
cfi=(22)
cfn=(55) __minimal_malloc'2
calls=1 -21 
* 24
* 1
fe=(60)
481 1
+5 1
+4 1
-2 1
-1 1
-1 3
+4 1
+2 12
+5 4
+2 4
-2 4
+2 4
+5 12
-14 8
+17 3
+52 2
+37 2
+15 2
-11 1
-3 1
+20 3
-1 3
+1 4
-1 4
cfi=(12)
cfn=(226)
calls=1 288 
* 246
+5 1
+1 1
+2 1
-1 1
+1 2
+1 1
+7 2
+3 1
+3 9
-27 2
cfi=(23)
cfn=(56)
calls=1 75 
* 14
* 1
cfn=(195)
calls=1 +6 
* 279

fn=(198) openaux
61 15
+3 6
+1 3
-1 6
+2 1
-2 4
cfi=(29)
cfn=(150)
calls=1 2022 
* 211
* 6
cfi=(29)
cfn=(150)
calls=2 2022 
* 5602
* 2
+5 6
fi=(45)
209 3
+1 2
+9 4
fe=(60)

fl=(126)
fn=(566)
31 1
+20 2
-20 7
+20 4
+78 5
-81 1
+82 8
cfn=(567) _dl_fini'2
calls=1 -76 
* 1608
fi=(124)
-16 1
cob=(3)
cfn=(563)
calls=1 -24 
* 738
fe=(126)

fn=(567)
54 3
cob=(3)
cfi=(127)
cfn=(568)
calls=1 +23 
* 1605

fl=(22)
fn=(50) __minimal_calloc
78 8
+7 8
+1 24
-4 8
+4 8
fi=(21)
-30 32
cfi=(22)
cfn=(55)
calls=1 -21 
* 24
cfi=(22)
cfn=(54)
calls=7 -21 
* 412
fe=(22)

fn=(54)
35 66
+1 22
-1 22
+1 65
+11 63
+1 21
+2 21
-3 21
+3 99
+5 10
+1 6
+3 4
-1 2
+1 12
cfi=(53)
cfn=(174)
calls=2 -9 
* 20
* 2
+2 4
+2 8
+2 1
+4 1
-4 2
+3 2
+3 3
-3 38
+3 57
cfi=(21)
cfn=(224) _dl_map_object_deps
calls=1 -15 
* 497
-29 1
-1 2
+1 2
+1 1
-1 1
+1 1
-2 2
cfn=(55)
calls=1 +6 
* 15
+27 1
-3 2
+4 1
-4 2
cfn=(55)
calls=1 +3 
* 5
fi=(21)
-21 1
fi=(20)
+51 1
+4 1
-1 1
+1 2
+5 1
-1 1
-1 1
+2 2
-2 1
+2 1
cfi=(23)
cfn=(56)
calls=1 -29 
* 20
* 1
+2 3
+13 2
+6 1
+2 1
+3 2
-3 2
+3 2
+1 3
cfn=(47)
calls=1 +5 
* 151
fi=(40)
437 1
+20 3
+7 2
-7 2
+7 2
cfi=(35)
cfn=(98)
calls=1 32 
* 140
+5 1
+2 1
-2 1
+2 1
cfn=(254) allocate_dtv
calls=1 365 
* 56
* 1
+1 1
+3 5
fe=(22)

fn=(55)
35 6
+1 2
-1 2
+1 6
+11 6
+1 2
+2 2
-3 2
+3 4
-3 2
+1 1
+2 1
-3 1
+3 11
+18 8
+3 12

fn=(118)
95 9
+2 15
+7 9

fl=(93) ./misc/./misc/getauxval.c
fn=(368) getauxval
56 2
+3 2
cfn=(370) __getauxval2
calls=1 -29 
* 7
* 2
+1 1
+4 2

fn=(370)
30 2
+2 1
+1 1
-1 2
+19 1

fl=(21)
fn=(224)
fi=(60)
224 5
-18 1
+18 1
433 1
fe=(21)
56 1
fi=(60)
439 1
+6 1
+1 1
+1 1
-1 3
cfi=(23)
cfn=(56)
calls=1 75 
* 14
+1 4
cfi=(23)
cfn=(56)
calls=1 75 
* 14
+2 1
+2 1
-1 1
+1 2
+4 6
204 1
+5 1
-5 1
+5 1
+4 1
-4 1
+4 1
+1 6
458 2
-1 6
+1 2
199 2
cfi=(64)
cfn=(220) _dl_map_object_deps
calls=1 85 
* 413
fe=(21)

fn=(48) _dl_new_object
44 5
cfi=(22)
cfn=(50)
calls=1 +34 
* 244

fl=(77) ./elf/./elf/dl-find_object.c
fn=(296) _dlfo_process_initial
474 1
+1 1
+2 1
-3 1
+1 1
+3 3
+26 6
+17 2
-16 2
+1 1
-1 1
+3 7
+3 4
+2 2
+4 2
cfn=(297) _dlfo_process_initial'2
calls=1 -11 
* 42
-36 4
cfi=(78)
cfn=(298)
calls=1 95 
* 61
+5 2
-1 1
+1 1
+1 29
+1 27
+2 2
+3 2
+6 2
-6 2
-3 2
+89 1
fi=(21)
56 1
fe=(77)
580 1
fi=(21)
56 2
cfi=(22)
cfn=(54)
calls=1 -21 
* 24
fe=(77)
580 1
fi=(21)
56 1
fe=(77)
582 1
+3 1
+5 1
+1 1
cfn=(297)
calls=1 474 
* 570

fn=(297)
474 1
+1 1
+2 1
-3 1
+1 1
+3 3
+26 6
+17 2
-16 2
+1 7
-1 7
+3 27
+3 20
-7 10
+25 2
+2 2
-2 2
+2 4
-18 10
+2 9
cfi=(78)
cfn=(298)
calls=3 95 
* 165
+2 10
cfn=(297)
calls=5 -11 
* 294
-36 4
cfi=(78)
cfn=(298)
calls=1 95 
* 61
+5 2
-1 1
+1 1
+1 29
+1 27
+2 2
+3 2
+6 2
-6 2
-3 2
+3 2
+2 2
-2 2
+2 6
+2 8
cfn=(297)
calls=2 -10 
* 573
+97 2
+2 2
cfn=(300) _dlfo_sort_mappings
calls=1 -59 
* 150
+3 5
+2 1
cfn=(295) _dl_find_object_init'2
calls=1 +3 
* 4

fn=(300)
537 2
-1 1
+4 5
+4 1
+1 1
-1 1
+1 2
-1 3
+1 3
-1 3
+1 10
+1 16
-1 4
+1 4
-1 8
+1 24
-1 6
+1 6
-1 12
+8 4
+1 4
-1 4
+1 4
+1 4
-15 4
+13 4
-13 8
+17 2

fn=(294) _dl_find_object_init
561 1
+3 1
-3 1
+3 1
-3 1
+6 1
-6 1
+5 2
+7 2
+1 1
+6 1
fi=(21)
56 1
fe=(77)
579 1
cfn=(296)
calls=1 474 
* 817
fi=(2)
2498 2
cfi=(7)
cfn=(302) __rtld_malloc_init_real
calls=1 76 
* 9615
fe=(77)

fn=(295)
604 4

fl=(7)
fn=(306)
61 1
+3 2
-3 3
+3 6
-3 1
+2 1
+1 1
cfi=(71)
cfn=(270)
calls=1 840 
* 532
+28 1
-1 1
+1 4
cfn=(307) lookup_malloc_symbol'2
calls=1 -31 
* 1703

fn=(307)
61 3
+3 6
-3 9
+3 18
-3 3
+2 3
+1 3
cfi=(71)
cfn=(270)
calls=3 840 
* 1637
+29 1
-1 1
+1 4
cfn=(307)
calls=1 -32 
* 1150
+1 2
-1 1
+1 3
cfn=(307)
calls=1 -33 
* 561
+5 3
+2 1
+1 1
+1 4

fn=(302)
76 1
fi=(79)
-32 1
fe=(7)
+43 1
-11 3
fi=(79)
-33 1
+1 1
+1 1
fe=(7)
+41 1
fi=(79)
-43 1
fe=(7)
+43 1
-10 1
+10 1
+1 1
fi=(79)
-39 3
-3 1
+17 3
-17 3
cfn=(304)
calls=1 +3 
* 2303
fi=(2)
2501 1
cfi=(81) ./elf/../sysdeps/nptl/dl-mutex.c
cfn=(310) __rtld_mutex_init
calls=1 30 
* 538
+6 1
+1 3
-1 2
+1 3
cfi=(70)
cfn=(263)
calls=1 194 
* 6739
fe=(7)

fn=(104)
242 4
+2 4
+1 2
+4 7
cfn=(105) strsep'2
calls=1 +5 
* 183
+22 1

fn=(105)
249 39
cfn=(105)
calls=13 +5 
* 1196
+7 56
-2 56
+17 1
-22 29
+18 1
+3 1
cfn=(105)
calls=1 +1 
* 1

fn=(12) __rtld_malloc_init_stubs
43 4
+1 1
-1 1
+1 1
+1 1
+1 1
-1 1
+1 1
-1 1
+1 1
+1 1

fl=(45)
fn=(144)
fi=(60)
244 4
cfi=(29)
cfn=(108)
calls=1 -6 
* 50
* 2
+14 1
+2 3
+5 2
+6 1
-2 1
+4 1
-8 1
+5 1
+3 1
-2 1
+4 1
-2 1
+2 4
+4 1
-42 2
+1 2
+6 1
+4 3
-2 1
+2 1
cfi=(65)
cfn=(222)
calls=1 30 
* 1264
cfi=(45)
cfn=(145)
calls=1 -73 
* 280
* 281
* 1
+1 2
fe=(45)
-74 6
+5 2
-5 2
+5 2
-5 2
+5 2
-2 2
+25 2
-3 2
-1 2
+4 2
+3 4
-6 2
+6 2
cfi=(46)
cfn=(146)
calls=2 35 
* 44
* 4
+2 4
cfi=(60)
cfn=(198)
calls=1 61 
* 5413
cfi=(2)
cfn=(148) map_doit
calls=1 663 
* 2294
+21 1
-1 1
+2 1
+2 1
-3 1
+1 3
+2 3

fn=(145)
175 6
+5 2
-5 2
+5 2
-5 2
+5 2
-2 2
+25 2
-3 2
-1 2
+4 2
+3 4
-6 2
+6 2
cfi=(46)
cfn=(146)
calls=2 35 
* 44
* 4
+2 4
cfi=(60)
cfn=(198)
calls=2 61 
* 458
+1 6
+1 4
+9 8

fn=(230) _dl_receive_error
238 2
+8 1
-8 2
+1 2
-1 1
+1 1
+4 1
-3 1
+4 1
+2 1
cfi=(2)
cfn=(232) version_check_doit
calls=1 696 
* 2581
fi=(2)
2043 3
+1 1
+1 2
cfn=(244) init_tls
calls=1 756 
* 73093
fe=(45)

fn=(140) _dl_catch_error
225 9
+2 2
cfn=(144)
calls=1 -52 
* 2348
* 4
fi=(2)
842 2
+8 1
+6 1
-6 2
+6 3
fe=(45)

fl=(19) ./elf/./elf/dl-environ.c
fn=(44) _dl_next_ld_env_entry
29 3
-1 3
+4 7
cfn=(45) _dl_next_ld_env_entry'2
calls=1 +17 
* 1
* 130
+2 201
+1 36
+2 2
+3 4
+9 2

fn=(45)
49 1

fl=(24)
fn=(66)
64 189
+3 189
+1 189
+1 189
+1 189
+1 189
+1 78
+5 5
+1 5
+7 5
+1 5
+2 5
+1 5
+1 5
+4 5
+1 5
+3 5
+1 5
+1 5
+2 5
+5 5
+1 5
+3 5
+1 5
+1 5
-15 46
+1 46
+1 46
+2 46
+5 46
+1 46
+3 46
+1 46
+1 46
+8 68
+1 68
+1 68
+1 68
+1 68
+1 68
+1 68
+1 68
+1 68
cfn=(67) strcmp'2
calls=68 -44 
* 1627
+5 116
+2 326
+1 326
+1 326
+1 326
+1 326
+1 287
+1 287
+3 77
+1 77
+1 77
+4 77
+1 77
+1 77
+1 77
+1 77
+1 77
+2 134
+5 67
+1 67
+4 67
+1 67
+1 67
+1 67
+1 67
+1 67
-10 21
+1 21
+4 21
+1 21
+1 21
+1 21
+1 21
+1 21
+2 67
+4 67
+1 67
+1 67
+2 31
+1 31
+1 31
+1 31
+5 31
+1 31
+1 31
cfn=(67)
calls=31 -95 
* 279
+3 39
+1 39

fn=(67)
77 77
+1 77
+7 77
+1 77
+2 77
+1 77
+1 77
-5 68
+1 68
+2 68
+1 68
+1 68
+4 68
+1 68
+3 68
+1 68
+1 68
+2 68
+5 68
+1 68
+3 68
+1 68
+1 68
-15 31
+1 31
+1 31
+2 31
+5 31
+1 31
+3 31
+1 31
+1 31

fl=(58) ./io/../sysdeps/unix/sysv/linux/close_nocancel.c
fn=(188) __GI___close_nocancel
26 15
+1 3

fl=(9)
fn=(338)
263 1

fn=(18) _dl_sysdep_start
85 1
+25 2
-25 2
+24 1
-24 1
+24 1
+1 6
-25 1
+25 1
-25 1
+25 3
-25 1
+25 1
-25 1
+25 137
+11 1
-2 1
-9 1
+3 2
+1 1
+5 1
-6 1
-3 1
+11 12
-34 1
-1 2
cfn=(19) _dl_sysdep_start'2
calls=1 +36 
* 117829
fi=(2)
509 2
+98 7
fe=(9)

fn=(19)
122 34
+9 1
+1 1
-11 38
+1 128
+34 1
+1 1
-36 27
cfn=(19)
calls=1 224 
* 117546
+1 15
+57 1
-1 1
+1 1
cfn=(19)
calls=1 -58 
* 117612
-57 14
+3 1
+1 1
cfn=(19)
calls=1 -5 
* 117752
-4 4
+6 1
+1 1
cfn=(19)
calls=1 -8 
* 117726
+21 1
+1 2
cfn=(19)
calls=1 -30 
* 117627
-16 1
-1 1
+1 1
cfn=(19)
calls=1 -14 
* 117688
+19 1
-1 1
+1 1
cfn=(19)
calls=1 -33 
* 117573
+8 1
+1 2
cfn=(19)
calls=1 -42 
* 117768
+61 1
cfi=(10)
cfn=(20) __GI___tunables_init
calls=1 +55 
* 117545

fl=(91)
fn=(350) call_init
27 5
+4 1
-4 3
+4 2
+2 2
+9 1
-3 2
+3 2
+5 3
+8 2
+1 7
cob=(2)
cfi=(44)
cfn=(352) 0x00000000048404f8
calls=1 -56 
* 10
+3 1
+1 1
+6 1
+2 1
-2 1
+2 2
-2 1
+2 1
+1 6
cfn=(351) call_init'2
calls=1 +1 
* 24
+16 2
cfn=(349) _dl_init'2
calls=1 +5 
* 943

fn=(351)
27 20
+4 4
-4 12
+4 8
+2 8
+9 3
-3 6
+3 6
+5 6
+8 4
+4 2
+1 2
+6 2
+2 2
-2 2
+2 4
-2 2
+2 2
+1 12
cfn=(351)
calls=2 +1 
* 776
* 2
+1 10
cob=(3)
cfi=(98)
cfn=(380)
calls=1 -70 
* 618
cob=(3)
cfi=(97)
cfn=(378)
calls=1 +14 
* 18
* 15
cob=(3)
cfi=(94)
cfn=(372)
calls=1 -24 
* 79
cfi=(1) ???
cfn=(366) init_have_lse_atomics
calls=1 -70 
* 25
cob=(4)
cfi=(92)
cfn=(360)
calls=1 -70 
* 11
-1 14
+3 16
-29 2
+74 15
-1 3
+1 3
cfn=(351)
calls=3 -90 
* 884
-1 8
+7 6

fn=(348) _dl_init
77 3
+5 2
-5 3
+5 1
-5 2
+2 1
-2 2
+1 1
+4 1
+2 1
cfn=(350)
calls=1 -57 
* 1024
-84 4
fi=(1)
cob=(5)
cfi=(100)
cfn=(388) (below main)
calls=1 0 
0 146492821
fe=(91)

fn=(349)
90 3
+25 1
+1 4
+1 5
-1 1
+1 1
cfn=(351)
calls=1 -90 
* 928

fl=(30)
fn=(96) copy_hwcaps
77 3
+6 1
-6 1
+6 1
-6 2
+10 1
fi=(33) ./elf/./dl-hwcaps.h
-31 1
+33 1
-1 1
+2 1
cfi=(30)
cfn=(97) copy_hwcaps'2
calls=1 -10 
* 30
fe=(30)
293 6
cfn=(97)
calls=1 77 
* 526

fn=(97)
77 3
+6 1
-6 1
+6 1
-6 2
+10 1
fi=(33)
-31 1
+33 1
-1 1
+2 1
cfi=(30)
cfn=(97)
calls=1 -10 
* 37
fe=(30)
-10 4
cfi=(32) ./elf/./elf/dl-hwcaps_split.c
cfn=(87) _dl_hwcaps_split_masked'2
calls=2 -29 
* 63
296 2
+1 1
+7 2
+72 1
-48 1
+48 1
256 1
376 1
+13 1
-61 1
-72 1
+72 1
+61 1
256 1
+75 2
+13 2
+3 1
-3 1
-6 1
-82 1
+91 4
-3 2
-3 1
+3 1
cfi=(23)
cfn=(56)
calls=1 75 
* 20
* 6
cfn=(83) _dl_important_hwcaps'2
calls=1 +4 
* 418

fn=(82)
fi=(29)
720 1
fi=(21)
56 2
fi=(29)
720 1
fi=(21)
56 1
cfi=(22)
cfn=(54)
calls=1 -21 
* 24
fi=(29)
725 1
+2 1
+8 2
-1 2
+1 2
fi=(21)
56 1
fi=(29)
734 2
+5 1
fi=(21)
56 2
cfi=(22)
cfn=(54)
calls=1 -21 
* 24
fi=(29)
739 1
+2 3
+7 2
+19 1
-20 1
+1 1
+13 2
+9 1
-2 1
+2 3
-7 1
-7 1
+6 1
-4 2
+1 1
+3 1
+8 1
-3 1
+1 4
cfi=(35)
cfn=(98)
calls=1 32 
* 14
+2 3
-8 1
+8 1
-7 1
+7 1
-7 1
-7 1
+3 1
+3 1
+4 3
-3 2
cfn=(81)
calls=1 +4 
* 873
fe=(30)
175 3
+1 1
-1 2
+30 1
-30 1
+30 1
-30 1
+30 1
-30 3
+1 1
-1 1
+1 1
-1 1
+1 2
cfi=(10)
cfn=(26)
calls=1 405 
* 24
+2 2
-2 1
+3 1
-1 1
+1 3
-1 1
+26 1
cfi=(31) ./elf/./elf/dl-hwcaps-subdirs.c
cfn=(84) _dl_hwcaps_subdirs_active
calls=1 29 
* 2
* 1
fi=(33)
88 1
-32 1
+33 1
-1 1
+2 1
cfi=(30)
cfn=(83)
calls=1 -35 
* 1031
fe=(30)

fn=(83)
55 2
cfi=(32)
cfn=(86) _dl_hwcaps_split_masked
calls=1 -4 
* 1029
* 2
cfi=(32)
cfn=(87)
calls=1 -4 
* 995
+60 2
cfi=(32)
cfn=(88) _dl_hwcaps_split
calls=1 -90 
* 10
* 2
fi=(33)
-61 2
+2 1
+33 2
-1 2
+2 1
cfi=(30)
cfn=(83)
calls=1 +38 
* 905
fe=(30)
+38 2
cfi=(32)
cfn=(87)
calls=1 -77 
* 903
231 24
fi=(34) ./elf/../sysdeps/unix/sysv/linux/aarch64/dl-procinfo.h
37 3
fe=(30)
233 1
fi=(34)
37 1
fe=(30)
233 1
-3 1
+6 1
fi=(34)
37 3
fe=(30)
233 1
+1 1
cfi=(16)
cfn=(36)
calls=1 56 
* 16
* 1
+1 3
-5 16
cfn=(83)
calls=7 +1 
* 5019
+10 1
-2 4
+4 1
-1 2
+4 2
+1 1
-1 1
+1 1
+3 3
+4 1
-1 2
+4 6
+1 2
+19 1
fi=(21)
56 1
fe=(30)
276 4
fi=(21)
56 1
fe=(30)
276 3
fi=(21)
56 2
cfi=(22)
cfn=(54)
calls=1 -21 
* 24
* 1
fe=(30)
283 1
+8 1
+1 3
-1 2
+1 2
cfn=(96)
calls=1 77 
* 575
+52 2
-3 1
+3 1
cfi=(23)
cfn=(56)
calls=1 75 
* 20
* 6
cfn=(83)
calls=1 +4 
* 334
+3 3
+1 8
+1 1
-2 1
+2 1
cfi=(23)
cfn=(56)
calls=1 75 
* 16
* 2
-2 1
+2 3
-2 1
+5 6
cfi=(23)
cfn=(56)
calls=2 75 
* 32
* 8
+2 2
+5 8
+1 1
-1 9
+1 7
-1 15
+5 6
+3 1
-3 6
+3 8
+1 3
-1 3
+1 15
-1 9
+1 18
+1 12
-1 12
+1 24
-2 12
+2 24
-1 24
-1 12
+4 6
+5 1
-2 2
+2 2
-1 1
-1 1
+1 1
+1 2
-1 1
+1 2
cfn=(83)
calls=1 +2 
* 55
+3 3
-3 2
+2 4
+3 2
-5 2
+6 2
+7 5
+3 1
-3 2
+3 1
-3 3
+3 3
-3 6
+3 3
+3 5
-80 2
+86 9
259 1
+1 2
+1 3
-1 2
+2 2
+10 4
cfn=(83)
calls=1 +4 
* 621
-44 2
cfn=(83)
calls=1 +44 
* 625

fl=(32)
fn=(88)
25 24
+1 12
+4 9
+4 9
+2 3
-9 6
+20 18

fn=(86)
fi=(30)
55 2
fi=(33)
-1 2
+2 1
+33 2
-1 2
+2 1
cfi=(30)
cfn=(83)
calls=1 -35 
* 997
fe=(32)
-39 5
cfn=(87)
calls=1 +3 
* 17

fn=(87)
fi=(30)
80 4
+13 8
-38 2
fi=(21)
+1 1
fi=(30)
+47 1
fi=(21)
-47 3
cfi=(22)
cfn=(54)
calls=1 -21 
* 24
fi=(30)
+47 2
+2 1
fi=(33)
-51 1
fi=(30)
+57 1
-3 1
fi=(33)
-52 1
+1 1
cfi=(30)
cfn=(83)
calls=1 +58 
* 927
fi=(30)
+71 2
+8 2
+9 5
+71 1
-1 1
+1 1
-1 1
+5 2
-4 3
+4 2
+2 1
-1 1
-1 1
+2 3
-2 4
+2 8
-1 8
-1 8
+2 24
-2 32
+5 2
+3 11
fi=(34)
37 1
fi=(30)
228 1
fi=(34)
37 1
fi=(30)
228 1
fi=(34)
37 5
fi=(30)
231 3
-1 2
cfn=(83)
calls=1 +1 
* 737
fe=(32)
51 20
cfn=(87)
calls=4 +3 
* 89
+3 10
cfn=(88)
calls=5 -29 
* 71
* 10
+8 15

fl=(49)
fn=(160)
26 10
+1 2

fl=(82) ./elf/./elf/dl-lookup-direct.c
fn=(314) check_match
31 6
+1 3
-1 6
fi=(4)
+49 3
fe=(82)
-49 12
+1 3
-1 6
+1 3
+1 6
+3 12
+12 9
+3 3
+2 3
-2 6
+2 6
cfi=(24)
cfn=(66)
calls=3 +11 
* 211
* 3
+4 3
+1 6
-1 3
+1 18
+1 9
cfi=(24)
cfn=(66)
calls=3 +5 
* 187
-19 6
+24 18

fn=(312) _dl_lookup_direct
74 6
+4 3
-4 9
+1 3
-1 12
+2 3
+2 6
+37 3
-37 12
+1 3
+2 9
+3 3
+2 3
+1 6
-3 3
+3 9
-3 9
+2 3
+1 6
-3 3
+3 9
-3 6
+3 3
cfn=(314)
calls=3 -56 
* 551
+3 3
+3 6
+23 18

fl=(6)
fn=(10) _dl_start
fi=(5)
266 4
fe=(6)
126 3
+2 2
fi=(5)
247 1
fe=(6)
130 1
-1 2
fi=(5)
249 2
+2 1
+7 11
+3 2
+5 3
+28 3
+1 1
cfi=(6)
cfn=(11) _dl_start'2
calls=1 126 
* 118350
fe=(6)

fn=(11)
fi=(5)
266 24
fe=(6)
126 21
+2 12
fi=(5)
247 6
fe=(6)
130 6
-1 12
fi=(5)
249 12
+2 6
+7 66
+3 12
+5 18
fi=(2)
573 7
fi=(4)
80 4
fi=(2)
573 2
fe=(6)
50 2
cfi=(2)
cfn=(3) _dl_start'2
calls=1 573 
* 118116
fi=(5)
294 18
+1 6
cfi=(6)
cfn=(11)
calls=6 126 
* 709344
fe=(6)

fn=(268) _dl_relocate_object
128 3
+3 6
-3 3
fi=(5)
247 3
fe=(6)
130 3
-1 3
-1 3
+1 6
-1 3
+3 3
fi=(5)
249 6
+2 3
+5 9
fi=(4)
138 6
fi=(5)
256 42
fi=(4)
80 2
fi=(5)
256 26
cfi=(71)
cfn=(271) _dl_lookup_symbol_x'2
calls=2 840 
* 15068
fe=(6)
145 6
-19 9
fi=(5)
365 2
258 5
+3 1
-3 2
+3 2
+5 9
+83 2
+2 4
+2 4
-1 2
cfi=(6)
cfn=(269) _dl_relocate_object'2
calls=1 145 
* 38136
fe=(6)
177 2
fi=(5)
+70 1
fe=(6)
-69 1
-1 3
fi=(5)
+72 2
+2 1
+5 3
fi=(4)
138 3
fi=(5)
256 16
fi=(4)
80 1
fi=(5)
256 14
cfi=(71)
cfn=(271)
calls=1 840 
* 2424
fe=(6)
-65 2
-16 3

fn=(269)
63 6
fi=(5)
389 1
-1 1
+3 2
fi=(70)
288 6
+3 5
+24 3
+3 2
+17 2
fi=(5)
+86 2
fe=(6)
128 99
+3 198
-3 99
fi=(5)
247 99
fe=(6)
130 99
-1 99
-1 99
+1 198
-1 99
+3 99
fi=(5)
249 198
+2 99
+5 297
fi=(4)
138 261
fi=(5)
256 1860
fi=(4)
80 84
fi=(5)
256 1092
cfi=(71)
cfn=(271)
calls=84 840 
* 1290445
fe=(6)
145 218
-19 306
fi=(70)
288 27
fe=(6)
50 3
fi=(70)
288 9
cfn=(263)
calls=3 * 
* 548
fe=(6)
146 64
fi=(5)
365 24
258 60
+3 12
-3 24
+3 24
+5 108
+83 24
+2 48
+2 48
-1 24
cfi=(6)
cfn=(269)
calls=12 145 
* 453186
-86 14
-10 48
cfn=(265)
calls=2 +2 
* 28908
cfn=(264)
calls=1 +2 
* 26777
fe=(6)
-79 8
fi=(5)
+70 4
fe=(6)
-69 4
-1 12
fi=(5)
+72 8
+2 4
+5 12
fi=(4)
138 12
fi=(5)
256 64
fi=(4)
80 4
fi=(5)
256 56
cfi=(71)
cfn=(271)
calls=4 840 
* 4950
fe=(6)
-65 10
-16 16
cfi=(70)
cfn=(263)
calls=1 288 
* 137
fi=(70)
336 2
cfn=(286)
calls=1 +6 
* 29
+1 8
fi=(5)
440 2
+2 3
+1 2
fi=(73)
38 2
+2 1
-2 2
+1 2
+1 2
cob=(3)
cfi=(75)
cfn=(284)
calls=1 -6 
* 10
* 1
fi=(5)
445 2
cfi=(6)
cfn=(269)
calls=1 63 
* 60
fe=(6)

fl=(55)
fn=(180)
120 30
+2 6

fn=(178)
120 25
+2 5

fl=(36)
fn=(110)
58 7
+2 7
+1 7
+1 7
+1 7
+1 7
+1 7
+1 7
+1 7
+1 7
+2 7
+1 7
+1 7
+1 7
+2 7
+1 7
+1 7
+2 4
+1 4
+3 4
+1 4
+1 4
+1 4
+4 7
+1 7
+1 7
+1 7
+1 7
+1 7
+8 3
+1 3
+1 3
+1 3
+1 3
+2 3
+3 3
+1 3
+1 3
+1 3

fl=(35)
fn=(98)
32 8
+5 8
+1 8
+2 8
+1 8
+1 5
+1 5
+1 1
+3 1
+1 1
+1 1
+1 1
+14 4
+1 4
+1 4
+1 4
+1 4
+1 4
+1 4
+14 3
+1 3
+1 3
+1 3
+1 3
+1 3
+2 3
+1 3
+1 3
+1 3
+1 3
+2 3
+1 3
-4 64
+1 64
+2 64
+1 64
+1 3
+1 3
+1 5
+7 2
+1 2

fl=(10)
fn=(20)
279 3
-9 1
+9 2
-9 1
+9 3
-9 6
71 3
+6 1
-3 1
+3 53
+4 1
+5 1
fi=(11) ./elf/./elf/dl-tunables.h
+54 1
fe=(10)
-54 1
fi=(11)
+54 1
fe=(10)
-63 1
+9 1
fi=(11)
+54 2
cfn=(22) __GI___tunables_init
calls=1 +1 
* 27143
fi=(9)
+87 1
cfi=(12)
cfn=(24) _dl_sort_maps_init
calls=1 +52 
* 36
fi=(13) ./elf/../sysdeps/unix/sysv/linux/dl-sysdep.c
36 2
cfi=(14) ./elf/../sysdeps/unix/sysv/linux/brk.c
cfn=(30) brk
calls=1 -1 
* 9
fi=(5)
200 5
fi=(15) ./elf/../sysdeps/unix/sysv/linux/aarch64/cpu-features.c
71 4
cfi=(10)
cfn=(26)
calls=1 405 
* 23
* 1
+1 1
+8 4
+6 2
+4 1
+2 1
+4 1
+26 1
-26 1
+4 1
fi=(9)
238 1
fi=(15)
122 1
-26 2
fi=(9)
238 1
+1 1
cfi=(16)
cfn=(36)
calls=1 56 
* 16
* 1
+2 2
cfi=(17) ./elf/../misc/sbrk.c
cfn=(38) sbrk
calls=1 37 
* 15
* 4
+12 3
+3 6
cfi=(2)
cfn=(40) dl_main
calls=1 1320 
* 90172
fe=(10)

fn=(21) __GI___tunables_init'2
71 201
+6 66
-3 66
+3 5550
+4 66
+5 66
fi=(11)
+54 66
fe=(10)
-54 66
fi=(11)
+54 66
fe=(10)
-63 66
+9 66
fi=(11)
+54 132
cfn=(23) __GI___tunables_init'2
calls=66 +1 
* 895840
fe=(10)
302 7504
+6 9916
fi=(11)
140 603
+1 1809
-1 14
+1 42
-1 42
fe=(10)
354 7
74 134
cfn=(21)
calls=67 -3 
* 902324

fn=(26)
405 209
+9 10
+17 50
+2 5
-9 32
+1 16
cfn=(27) __tunable_get_val'2
calls=16 +6 
* 176

fn=(27)
431 160
+2 16

fl=(31)
fn=(84)
29 2

fl=(81)
fn=(310)
30 1
+7 1
+3 1
-10 2
+10 2
-3 1
+3 4
-10 1
+10 3
cfi=(82)
cfn=(312)
calls=1 +34 
* 220
+4 1
+1 11
+2 3
-2 1
+2 1
-2 1
+2 5
cfi=(82)
cfn=(312)
calls=1 +27 
* 263
+4 1
+1 9
+1 1
-1 2
+1 3

fl=(37)
fn=(112)
40 12
+1 3
cfi=(16)
cfn=(36)
calls=3 +15 
* 81
fi=(38) ./string/../include/rtld-malloc.h
+15 3
fe=(37)
-15 3
fi=(38)
+15 9
cfi=(22)
cfn=(54)
calls=3 -21 
* 72
fe=(37)
-12 3
+3 6
+1 6
-1 3
cfi=(23)
cfn=(56)
calls=3 +28 
* 51

fl=(89)
fn=(332)
38 5
+12 5
+5 5
+4 5
+4 5
+4 5
+4 5
+4 5
+4 5
+4 5
+5 5
+3 5
+2 5
+1 5
+1 5
+1 5
+1 5
+3 5
cob=(3)
cfi=(129)
cfn=(582)
calls=1 -70 
* 107
cob=(3)
cfi=(113)
cfn=(454)
calls=1 3287 
* 1699
cfi=(42)
cfn=(418)
calls=1 +17 
* 13
cob=(3)
cfi=(99)
cfn=(384)
calls=1 -70 
* 6
cfi=(10)
cfn=(26)
calls=1 405 
* 23
cfi=(90) ./elf/./elf/dl-runtime.c
cfn=(334) _dl_fixup
calls=5 -54 
* 3207

fl=(47)
fn=(152)
68 100
+1 40
cfi=(24)
cfn=(66)
calls=20 -5 
* 304
* 20
+3 20
+2 20
+6 42
-6 21
+1 78
cfi=(24)
cfn=(66)
calls=26 -11 
* 650
* 26
-5 5
+13 15
-1 15
+1 45

fn=(208) _dl_sysdep_read_whole_file
36 4
+3 1
-3 2
+3 1
cfi=(48)
cfn=(158)
calls=1 -11 
* 17
+1 1
+2 3
cfi=(51)
cfn=(170)
calls=1 -13 
* 14
* 1
+2 2
+3 1
+2 6
cfi=(53)
cfn=(174)
calls=1 +1 
* 10
* 2
cfn=(209) _dl_sysdep_read_whole_file'2
calls=1 +11 
* 13
fi=(62)
424 1
+8 5
+1 19
+3 3
+1 1
-1 3
fi=(63) ./elf/../sysdeps/generic/dl-cache.h
194 1
+1 4
fi=(62)
444 1
+1 2
cfn=(207) _dl_load_cache_lookup'2
calls=1 +50 
* 1367
fe=(47)

fn=(209)
60 2
cfi=(58)
cfn=(188)
calls=1 -34 
* 6
+3 5

fl=(52)
fn=(172)
98 44
+70 26
+1 4
-2 14
+1 7
-1 7
+2 7

fl=(1)
fn=(0) 0x0000000000017c00
0 3
cfi=(2)
cfn=(2) _dl_start
calls=1 527 
0 146613741

fn=(366)
0 4
cfi=(93)
cfn=(368)
calls=1 56 
0 16
0 5

fl=(64)
fn=(220)
85 4
fi=(60)
464 6
+1 4
cfn=(195)
calls=1 +3 
* 399
fe=(64)

fl=(43) ./string/./string/strcspn.c
fn=(134) strcspn
fi=(2)
916 2
+1 4
cfn=(136) do_preload
calls=1 -88 
* 2409
-15 1
+1 3
+2 1
+7 1
-7 3
cfi=(23)
cfn=(56)
calls=1 75 
* 18
+1 1
191 1
913 1
+1 2
191 1
fe=(43)
32 4
+1 2
+1 2
+5 2
+1 1
+1 1
+1 1
+5 1
-8 1
+1 1
+1 1
+1 1
-3 1
+1 1
+1 1
+1 1
+2 1
cfn=(135) strcspn'2
calls=1 +3 
* 198

fn=(135)
47 8
+1 2
-1 3
+1 1
+3 4
+1 4
+1 4
+1 4
+2 2
+6 1
+2 1
+1 1
-2 1
-1 1
+2 1
+3 7
-5 11
+2 11
+1 11
-2 11
-1 11
+2 11
+3 77
+2 1
+1 6
+1 3

fl=(23)
fn=(56)
75 42
+5 42
+1 42
+1 42
+1 42
+1 42
+1 42
+3 35
+1 35
+1 8
+1 8
+1 8
+1 8
+1 8
+4 27
+1 19
+1 19
+1 19
+1 19
+1 19
+5 8
+1 4
+1 4
+1 4
+1 4
+1 4
+4 4
+1 3
+1 3
+1 3
+1 3
+1 3
+1 3
+1 3
+2 4
+5 7
+1 7
+1 7
+1 7
+1 7
+1 7
+1 7
+1 7
+1 7
+1 7
+1 7

fl=(27) ./elf/../sysdeps/unix/sysv/linux/dl-vdso-setup.h
fn=(74) dl_main
45 3
fi=(2)
1723 1
cfi=(13)
cfn=(76) _dl_discover_osversion
calls=1 48 
* 83
* 10
+8 1
fi=(135) ./elf/./dl-main.h
109 1
fi=(2)
1731 1
fi=(135)
109 4
cfi=(29)
cfn=(80)
calls=1 706 
* 88380
fe=(27)

fl=(62)
fn=(206)
fi=(29)
2193 1
+2 1
+4 1
+8 3
+23 7
cfn=(156)
calls=1 1568 
* 2033
fe=(62)
416 3
+2 1
-2 1
+2 1
-2 2
+2 1
+3 4
+3 5
cfi=(47)
cfn=(208)
calls=1 36 
* 1485

fn=(207)
495 2
+3 1
-3 2
+3 5
cfn=(212) search_cache
calls=1 206 
* 1357

fn=(342)
537 3
+1 6
+2 2
cfi=(55)
cfn=(178)
calls=1 120 
* 6
+5 1
-4 1
+6 3

fn=(212)
206 1
+6 1
-6 5
+6 1
-6 3
+6 1
-6 4
+6 3
cfi=(10)
cfn=(26)
calls=1 405 
* 24
+6 2
+10 1
-16 1
+6 1
+10 1
+3 1
-10 2
cfn=(213) search_cache'2
calls=1 +9 
* 1141
498 1
+15 2
+4 1
+8 2
cfi=(16)
cfn=(36)
calls=1 56 
* 30
* 12
+1 4
cfi=(23)
cfn=(56)
calls=1 75 
* 18
+1 1
cfi=(37)
cfn=(112)
calls=1 40 
* 88
+1 5

fn=(213)
362 4
228 8
+2 11
+9 11
-9 11
+1 33
-47 11
+51 22
+4 22
cfn=(214) _dl_cache_libcmp
calls=11 371 
* 811
+1 22
359 10
+1 6
228 12
+22 1
-20 1
+18 3
+2 2
+5 2
-71 1
+69 2
+2 2
cfn=(214)
calls=1 371 
* 75
* 1
-7 1
-78 2
+49 1
-49 1
-50 3
+99 1
-99 1
fi=(63)
317 1
fe=(62)
-99 1
fi=(63)
+99 1
fe=(62)
-99 1
fi=(63)
+99 1
fe=(62)
-99 3
cfn=(213)
calls=1 +49 
* 39
+49 2
+10 3
+1 3
+7 2
fi=(63)
125 1
fe=(62)
303 2
fi=(63)
125 2
fe=(62)
303 2
+3 3
+2 4
+1 3
+13 3
+21 1
+23 8

fn=(214)
371 24
+4 58
-2 116
+2 116
-2 116
+20 114
+2 114
-24 46
+28 46
+1 46
-29 46
+4 2
+8 1
-1 1
-1 1
+2 4
+2 4
-3 1
+3 1
+2 2
cfn=(215) _dl_cache_libcmp'2
calls=1 -16 
* 5
+9 11
+8 11

fn=(215)
371 2
+32 2
+1 1

fl=(12)
fn=(228) dfs_traversal.part.0
140 56
+6 8
+2 8
-2 16
+2 8
+2 15
+4 5
-1 10
+1 5
-1 10
-3 30
+9 8
+15 24
+2 8
-1 8
+1 24
-17 8

fn=(24)
279 1
+1 2
-1 1
+1 2
cfi=(10)
cfn=(26)
calls=1 405 
* 23
* 1
+1 1
+1 2
-1 1
+2 2

fn=(226)
288 2
+8 2
-8 8
+8 2
-8 12
+8 2
+4 16
-79 2
-37 2
+1 8
+1 2
-1 2
+1 6
-1 2
+1 6
-1 6
+1 18
-1 6
+36 22
+8 2
-8 2
+8 2
-3 2
+3 8
-1 2
-2 2
+3 2
cfn=(227) _dl_sort_maps'2
calls=2 +4 
* 379

fn=(227)
231 12
+2 8
-90 40
cfn=(228)
calls=8 -3 
* 251
+93 24
+18 4
+20 8
cfi=(23)
cfn=(56)
calls=2 75 
* 28
* 4

fl=(59) ./io/../sysdeps/unix/sysv/linux/access.c
fn=(192) access
25 1
+4 10
+2 1

fl=(51)
fn=(170)
29 3
+1 3
+5 12
cfi=(52)
cfn=(172)
calls=3 +63 
* 24

fl=(13)
fn=(76)
48 3
-2 1
+42 1
-42 2
+42 1
cfi=(28) ./posix/../sysdeps/unix/syscall-template.S
cfn=(78) uname
calls=1 +32 
* 6
+15 1
-15 1
+20 1
-1 1
+3 15
+4 3
-2 3
+2 14
+2 1
+1 1
-3 4
+6 3
+2 3
+2 13
+5 2
+4 3

fl=(83) ./elf/./elf/dl-call-libc-early-init.c
fn=(316) _dl_call_libc_early_init
29 1
-2 1
+6 2
-6 1
+6 4
-6 3
+6 3
cfi=(82)
cfn=(312)
calls=1 +41 
* 227
+4 1
+2 6
+1 1
+1 1
-2 1
+2 1
-1 2
cob=(3)
cfi=(84)
cfn=(318)
calls=1 -7 
* 999

fl=(2)
fn=(132) handle_preload_list
894 7
+5 2
+6 1
-10 4
+7 1
191 5
cfn=(133) handle_preload_list'2
calls=1 902 
* 2672
1847 2
cfn=(41)
calls=1 +5 
* 83380

fn=(133)
902 3
cfi=(43)
cfn=(134)
calls=1 32 
* 2669

fn=(136)
829 2
+8 1
-8 2
+10 2
-10 1
+12 5
-12 2
+10 1
+2 1
-6 1
+1 1
+1 1
+4 1
cfi=(45)
cfn=(140)
calls=1 225 
* 2372
* 4
+76 1
-18 2
+21 9

fn=(40)
fi=(9)
258 8
fe=(2)
1320 5
307 1
1320 1
2683 1
1320 3
307 2
1320 3
206 1
+1 1
308 1
+1 1
+1 1
+1 1
1332 1
cfi=(18) ./elf/../sysdeps/nptl/dl-tls_init_tp.c
cfn=(42) __tls_pre_init_tp
calls=1 61 
* 20
2677 1
+6 1
-6 2
+6 6
2811 1
2683 1
2818 1
+11 1
-46 1
-8 1
+36 1
+7 1
+11 1
-46 1
-8 1
+36 1
+7 1
+11 1
-46 1
-8 2
-96 1
2811 1
+7 1
+11 1
-46 1
-8 1
-92 1
+2 3
cfi=(19)
cfn=(44)
calls=1 29 
* 68
* 1
+4 1
-2 1
+2 3
+1 12
-1 48
+3 2
+6 8
+76 2
+1 8
+2 1
+1 2
-1 1
+1 1
+1 1
cfn=(41)
calls=1 -94 
* 89924

fn=(41)
2685 4
cfi=(19)
cfn=(44)
calls=2 29 
* 321
* 2
+4 1
-2 1
+2 3
+1 7
-1 28
+3 2
+6 5
2845 3
+32 5
1348 1
+1 3
-1 1
+1 1
-1 2
+1 2
1627 9
cfi=(20)
cfn=(46) _dl_new_object
calls=1 59 
* 89504
1170 18
+20 1
+27 1
-27 1
+2 1
+7 1
-9 1
-1 1
+10 1
-30 24
+1 45
1275 2
1169 1
1276 2
1169 2
1282 3
cfn=(41)
calls=1 * 
* 88945
-1 18
+1 27
+12 1
+3 1
+2 1
-5 1
+3 1
+2 1
+2 4
1662 4
fi=(4)
80 1
fe=(2)
1664 1
-1 1
+1 1
-1 1
+2 1
-1 2
+1 2
-2 2
cfi=(24)
cfn=(66)
calls=1 64 
* 39
* 1
+5 1
+3 1
-3 1
+2 1
-2 1
+5 1
-2 1
+2 1
+1 1
+4 4
+2 1
fi=(3) ./elf/./get-dynamic-info.h
39 2
+6 1
-2 1
+2 1
+7 1
+7 1
+3 1
+2 1
-3 1
-6 1
-2 1
-1 1
+2 1
+5 1
+3 1
+2 1
-3 1
-3 1
-3 1
-2 1
-4 18
+3 1
-1 2
+17 8
-23 16
fe=(2)
1742 1
+9 1
-9 1
+9 1
-9 1
+1 2
-1 1
+4 1
-4 2
+3 1
+1 1
+5 1
-8 1
+2 2
+1 1
-2 1
+7 2
+1 3
+12 5
+1 3
+5 2
-1 1
+7 1
-9 1
+2 2
+5 1
-7 1
+9 1
-7 1
+6 1
-5 2
+5 1
+1 6
+2 3
+1 1
-1 1
+1 1
+5 4
+4 6
cfn=(122) audit_list_add_dynamic_tag
calls=1 232 
* 11
+1 5
cfn=(122)
calls=1 232 
* 11
+4 3
+5 2
1170 6
+56 2
-1 2
+1 2
+1 2
-2 2
+2 4
+1 1
+2 4
+1 6
+4 2
+1 2
-1 4
+1 4
+1 2
+1 7
+1 1
+4 2
+3 1
cfn=(41)
calls=1 -77 
* 89064
-3 2
+3 1
cfn=(41)
calls=1 -77 
* 89024
-76 2
+10 3
-1 1
+1 1
-1 1
+1 2
-1 2
+2 1
cfn=(41)
calls=1 -12 
* 89004
+90 2
+1 1
cfn=(41)
calls=1 1169 
* 88966
-98 3
+1 1
cfn=(41)
calls=1 -6 
* 89125
fi=(3)
54 3
fe=(2)
2719 5
+7 4
fi=(3)
56 4
+3 3
fe=(2)
1822 1
cfi=(40)
cfn=(124) _dl_count_modids
calls=1 199 
* 7
* 1
fi=(41) ./elf/../sysdeps/generic/dl-debug.h
29 2
+1 2
fe=(2)
1828 3
+1 1
cfi=(39)
cfn=(128)
calls=1 117 
* 1
+1 1
+4 3
cfi=(42)
cfn=(130)
calls=1 28 
* 16
+5 3
+4 1
-2 1
+2 1
+9 2
+16 5
cfi=(59)
cfn=(192)
calls=1 25 
* 12
* 1
+76 3
+16 4
+10 8
cfi=(60)
cfn=(194)
calls=1 159 
* 83323
+14 6
+1 12
+12 5
+1 1
+2 1
+2 3
+2 1
-4 1
+4 1
-4 1
+4 1
-4 1
+5 1
-1 1
+14 2
+2 1
-1 3
+1 3
+11 1
+2 1
-2 1
+1 2
+1 5
-2 1
+1 1
+1 1
cfi=(45)
cfn=(230)
calls=1 238 
* 75693
+14 1
862 1
+4 1
+9 1
-13 1
+4 1
+9 2
+5 1
fi=(136) ./elf/../sysdeps/unix/sysv/linux/dl-osinfo.h
64 1
fe=(2)
866 1
2052 2
2282 2
1797 2
cfn=(41)
calls=1 +25 
* 86122
2351 2
-13 1
+4 3
-4 2
+4 2
-4 1
+10 2
+3 1
+8 1
fi=(137) ./elf/../sysdeps/aarch64/dl-prop.h
30 3
cfi=(69)
cfn=(260)
calls=1 +51 
* 4
fe=(2)
2415 2
+25 1
-18 1
+18 1
+5 1
-30 2
+3 1
+16 1
-19 3
+3 2
+5 4
+2 4
+5 4
+2 2
+6 6
+2 4
+1 7
cfi=(70)
cfn=(262)
calls=1 194 
* 72373
+4 2
+71 5
cfi=(83)
cfn=(316)
calls=1 29 
* 1254
-82 1
+1 1
-3 1
1232 3
cfn=(41)
calls=1 +3 
* 89036
1995 3
cfn=(41)
calls=1 +36 
* 75706
fi=(3)
62 3
+2 2
cfn=(68) dl_main
calls=1 +4 
* 88739
fe=(2)
2726 7
+2 2
+1 1
cfn=(41)
calls=1 -44 
* 89540
1847 4
cfn=(132)
calls=1 894 
* 86074
1948 13
+1 1
+3 3
+1 1
+1 1
-6 1
+7 2

fn=(232)
fi=(45)
248 1
+1 1
+1 4
fe=(2)
696 1
+2 2
-2 3
+2 3
cfi=(66) ./elf/./elf/dl-version.c
cfn=(234) _dl_check_all_versions
calls=1 361 
* 2566

fn=(244)
756 3
+2 2
-2 2
+6 1
-4 2
+4 1
fi=(21)
44 1
fe=(2)
773 1
fi=(21)
44 1
fe=(2)
768 1
fi=(21)
44 3
cfi=(22)
cfn=(50)
calls=1 +34 
* 35
fe=(2)
777 1
-6 1
+12 1
-5 1
+1 1
+4 1
+2 2
-1 2
+3 8
+4 3
-5 1
-1 1
+1 3
-1 3
+10 5
+3 2
cfi=(40)
cfn=(248) _dl_tls_static_surplus_init
calls=1 97 
* 85
+3 1
cfi=(40)
cfn=(250) _dl_determine_tlsoffset
calls=1 227 
* 455
2045 2
cfn=(41)
calls=1 +2 
* 72461

fn=(2)
0 13
fi=(1)
cfi=(91)
cfn=(348)
calls=1 77 
0 146493866
527 1
+29 2
-29 2
+26 2
-26 1
fi=(5)
48 1
fe=(2)
527 3
fi=(5)
48 1
fi=(3)
-3 1
fe=(2)
553 1
+4 1
-30 1
+30 1
-1 1
+1 1
fi=(3)
45 1
+23 1
-16 1
+7 1
+3 1
+2 1
-3 1
-6 1
-2 1
+15 1
-16 1
+2 1
+5 1
+3 1
+2 1
-3 1
-3 1
-3 1
-2 2
-4 15
+3 1
-1 2
+17 4
-23 8
+9 3
+2 4
+3 3
+3 3
+2 2
cfn=(4) _dl_start
calls=1 +4 
* 119777
fe=(2)

fn=(3)
573 1
fi=(6)
86 2
-37 1
fe=(2)
573 1
fi=(6)
86 1
+2 1
-2 1
+2 1
-2 1
+27 2
+5 2
fi=(5)
351 3
fi=(6)
126 3
cfi=(2)
cfn=(3)
calls=1 573 
* 118096
fe=(2)
573 6
+2 1
+17 1
488 1
+87 3
+13 1
cfi=(7)
cfn=(12)
calls=1 43 
* 14
+4 3
488 1
+1 1
592 1
488 1
cfi=(8) ./elf/./elf/dl-setup_hash.c
cfn=(14) _dl_setup_hash
calls=1 28 
* 24
+1 1
+18 1
-17 1
+1 1
-1 1
+1 1
+1 2
+9 1
-11 1
+11 1
+6 2
-16 1
+1 1
+15 1
cfi=(9)
cfn=(18)
calls=1 85 
* 118022

fn=(122)
232 2
fi=(4)
80 2
fe=(2)
232 4
+1 2
-1 4
+1 4
+1 2
-10 2

fn=(148)
fi=(45)
209 3
+1 2
+9 4
fe=(2)
663 1
+2 1
+1 1
-3 1
+2 1
+1 1
-3 2
+3 1
-1 1
+1 2
cfi=(29)
cfn=(150)
calls=1 2022 
* 2273

fl=(48)
fn=(158)
28 44
+3 66
+8 55
+2 6
-2 32
+2 16

fl=(18)
fn=(62) rtld_mutex_dummy
44 14

fn=(256) __tls_init_tp
68 1
fi=(138) ./elf/../include/list.h
-25 2
fe=(18)
+25 2
+1 1
fi=(138)
-26 2
+1 3
fe=(18)
+28 1
fi=(138)
-27 1
fe=(18)
+27 1
fi=(138)
-26 1
fe=(18)
+29 2
fi=(138)
-28 1
fe=(18)
+28 1
+7 1
+5 1
-12 1
+1 1
+6 1
-5 1
+13 1
+3 3
-18 1
+14 1
+1 1
-14 1
+6 1
-5 1
+16 1
+13 4
cfi=(10)
cfn=(26)
calls=1 405 
* 23
* 1
fi=(68) ./elf/../sysdeps/unix/sysv/linux/rseq-internal.h
-74 1
+2 7
+3 2
+3 2
fe=(18)
+83 1
+7 1
-7 2
+7 1
-7 1
+7 1
+2 1
+1 1
+1 3

fn=(42)
61 1
+1 1
-6 1
+5 1
-5 1
+5 2
-5 1
+6 1
-5 1
-1 1
+1 1
+1 1
-1 1
+1 1
-1 2
+1 2
+6 1

fl=(8)
fn=(14)
28 8
fi=(4)
+52 4
fe=(8)
-49 8
+1 8
+2 4
+2 12
+8 4
-7 4
+8 4
-7 4
+3 4
-3 4
+3 4
-3 4
+7 4
-5 4
+3 4
+2 4
+5 4

fl=(28)
fn=(78)
120 5
+2 1

fl=(3)
fn=(68)
49 28
+3 1
-1 2
+17 14
-23 28
+9 3
+1 2
cfn=(69) dl_main'2
calls=1 +13 
* 88661

fn=(69)
49 8
+3 4
-1 8
+17 5
-23 10
+27 2
fi=(4)
+8 1
fe=(3)
-8 1
+10 2
+1 5
+1 5
+1 5
+2 5
+5 5
+1 5
+1 5
+3 2
+5 3
+7 2
+1 4
+22 2
+5 2
+2 1
+2 1
+2 1
+1 1
+3 2
+2 3
+1 1
+9 3
+6 1
+1 2
+3 2
fi=(2)
1688 2
+7 2
cfi=(8)
cfn=(14)
calls=1 28 
* 24
+3 3
fi=(25) ./elf/./setup-vdso.h
24 4
fe=(3)
+30 12
+1 8
cfn=(69)
calls=4 +13 
* 354514
fi=(26) ./elf/../sysdeps/unix/sysv/linux/dl-vdso.h
-15 3
+1 1
fi=(27)
-11 4
+3 3
fi=(26)
+22 2
cfi=(27)
cfn=(74)
calls=1 -10 
* 88484
fe=(3)

fn=(4)
49 36
+3 1
-1 2
+17 12
-23 24
+9 3
+1 2
cfn=(5) _dl_start'2
calls=1 +13 
* 119697

fn=(5)
49 9
+3 3
-1 6
+17 4
-23 8
fi=(4)
+35 3
fe=(3)
-8 2
+10 5
+1 6
+1 6
+1 6
+2 6
+5 6
+1 6
+1 6
+3 3
+5 3
+7 3
+1 4
+8 3
+1 2
+5 2
+3 3
fi=(2)
573 2
fi=(5)
67 1
fi=(2)
573 2
fi=(5)
67 1
fi=(2)
573 25
fe=(3)
54 9
+1 6
cfn=(5)
calls=3 +13 
* 359007
fi=(2)
573 2
cfi=(5)
cfn=(8) _dl_start
calls=1 326 
* 119544
fe=(3)

fl=(40)
fn=(252) _dl_allocate_tls_storage
422 1
+13 2
fi=(21)
56 1
fe=(40)
422 1
fi=(21)
56 1
fe=(40)
422 1
+14 1
-14 1
+13 1
+1 1
fi=(21)
56 2
cfi=(22)
cfn=(54)
calls=1 -21 
* 278
fi=(2)
808 1
+1 1
+6 2
+3 1
+3 1
cfi=(18)
cfn=(256)
calls=1 68 
* 88
+1 2
+3 1
-3 1
+3 4
fe=(40)

fn=(288)
1015 4
+9 2
-9 3
+6 1
+3 1
+1 1
cfn=(289) _dl_add_to_slotinfo'2
calls=1 +4 
* 17
fi=(2)
2425 2
+5 2
+2 1
+6 3
+2 2
+1 7
cfi=(70)
cfn=(263)
calls=1 194 
* 24916
-18 2
fe=(40)

fn=(289)
1029 3
+34 1
+3 4
+1 4
+3 5

fn=(254)
365 1
+5 2
-5 3
+5 1
+4 1
fi=(21)
44 5
cfi=(22)
cfn=(50)
calls=1 +34 
* 35
fe=(40)
376 1
+3 3
+6 1
+6 3

fn=(218)
147 2
-13 1
+13 1
-13 2
+52 1
+2 2
-2 2
+2 1
+3 2

fn=(124)
199 5
+1 1
+15 1

fn=(248)
97 1
+4 1
-4 2
+4 2
-4 2
+4 2
cfi=(10)
cfn=(26)
calls=1 405 
* 24
* 1
+1 4
cfi=(10)
cfn=(26)
calls=1 405 
* 24
* 3
+8 1
-8 1
+8 2
+3 1
+4 1
-34 1
+32 1
-32 1
+32 1
-32 1
+35 1
-35 1
+34 1
+1 1
-1 2
+1 2

fn=(250)
227 2
-6 2
+6 2
+3 2
+84 3
-2 1
-88 1
-1 1
-1 1
+94 2
cfn=(251) _dl_determine_tlsoffset'2
calls=1 * 
* 44
fi=(2)
808 1
cfi=(40)
cfn=(252)
calls=1 422 
* 393
fe=(40)

fn=(251)
337 1
-23 1
+23 3
+1 1
+1 3
+2 1
-11 1
+12 1
+3 2
-31 1
+31 1
+3 1
-34 2
+2 2
+3 1
+4 1
-5 1
+1 1
+4 1
-5 1
+3 1
-3 1
+3 1
+2 3
+29 2
-1 1
+1 1
-1 1
+1 3
+7 1
+1 2

fn=(292)
528 5
+1 2
+10 2
-6 1
+6 5
+3 3
-3 2
cfi=(18)
cfn=(62)
calls=1 44 
* 2
+3 4
+12 1
-18 1
+42 1
-43 1
+19 1
+5 10
cfn=(293) _dl_allocate_tls_init'2
calls=1 +6 
* 102
fi=(2)
2471 3
+10 8
+2 4
+10 1
cfi=(77)
cfn=(294)
calls=1 561 
* 10449
fe=(40)

fn=(293)
568 1
+1 1
+6 4
+3 1
-2 2
+6 1
-4 2
+4 1
-4 1
+1 1
+2 2
+4 2
+1 4
+5 1
+15 1
-15 1
+15 1
-8 1
+8 3
+2 3
cfi=(23)
cfn=(56)
calls=1 75 
* 14
* 6
cfi=(35)
cfn=(98)
calls=1 32 
* 21
* 1
+6 1
-55 5
+6 4
+55 5
cfi=(18)
cfn=(62)
calls=1 44 
* 2
+3 6
+3 3

fl=(90)
fn=(334)
46 25
+2 5
-2 5
fi=(4)
+34 5
fe=(90)
-32 15
+6 5
+1 5
-6 5
+6 5
-6 5
+6 10
-6 5
+9 5
-2 10
+2 5
-2 25
+7 10
+4 15
+4 10
+4 8
+1 8
-1 4
+1 8
+1 4
-8 8
+16 4
-1 4
+1 13
-1 1
+1 3
+10 40
cfi=(71)
cfn=(270)
calls=5 840 
* 2867
fi=(89)
+8 5
+3 5
+1 5
+1 5
+1 5
+1 5
+1 5
+1 5
+1 5
+1 5
+3 5
+4 5
fe=(90)

fn=(335) _dl_fixup'2
159 15
fi=(5)
+60 5
fe=(90)
-56 25

fl=(11)
fn=(22)
141 3
fi=(10)
320 4
cfn=(21)
calls=1 -12 
* 27136
fe=(11)

fn=(23)
140 36
+5 18
-5 18
+1 252
fi=(10)
320 264
cfn=(21)
calls=66 -12 
* 895252
fe=(11)

fl=(57) ./elf/./elf/get-dynamic-info.h
fn=(184) _dl_map_object_from_fd
49 48
+3 2
-1 4
+17 24
-23 48
+9 6
+1 4
cfn=(185) _dl_map_object_from_fd'2
calls=2 +13 
* 796

fn=(185)
49 12
+3 6
-1 12
+17 8
-23 16
+27 2
fi=(4)
+8 2
fe=(57)
-8 2
+10 7
+1 10
+1 10
+1 10
+2 10
+5 10
+1 7
+1 10
+3 4
+5 6
+7 4
+1 8
+22 4
+15 4
+2 3
+1 1
+9 2
+6 1
+4 4
fi=(29)
1276 8
+2 8
+10 4
+19 6
+2 10
+52 4
+1 3
+6 3
+1 3
-1 6
+1 3
-1 37
+1 51
+11 4
cfi=(58)
cfn=(188)
calls=2 26 
* 12
* 2
+13 6
+2 4
+2 2
-2 4
+2 2
+16 4
cfi=(8)
cfn=(14)
calls=2 28 
* 48
+4 2
+1 4
+17 4
+1 3
+3 3
+5 2
-5 3
+5 2
+10 6
+7 16
+10 2
+13 3
cfi=(20)
cfn=(60)
calls=1 31 
* 51
+3 3
+23 8
+1 3
cfi=(42)
cfn=(190)
calls=1 76 
* 13
* 1
cfn=(165)
calls=1 +4 
* 9
fe=(57)
54 18
+1 12
cfn=(185)
calls=6 +13 
* 2548
fi=(29)
1506 2
-44 4
fi=(4)
80 1
fi=(29)
1463 2
+1 1
-1 2
+1 1
-1 4
cfi=(24)
cfn=(66)
calls=1 64 
* 74
* 1
+2 7
cfn=(165)
calls=1 +6 
* 118
1275 2
cfi=(57)
cfn=(185)
calls=1 169 
* 362
fe=(57)

fl=(5)
fn=(8)
326 1
fi=(6)
86 1
fe=(5)
326 4
fi=(2)
573 1
fi=(6)
86 2
-37 1
fi=(2)
573 1
fi=(6)
86 1
+2 1
-2 1
+2 1
-2 1
+27 3
fe=(5)
378 1
fi=(6)
113 1
fe=(5)
378 3
fi=(6)
113 2
fe=(5)
378 156
fi=(6)
113 156
fe=(5)
378 468
fi=(6)
113 312
+5 2
fe=(5)
351 3
fi=(6)
126 2
fe=(5)
266 4
fi=(6)
128 2
fe=(5)
247 1
fi=(6)
130 1
-1 2
fe=(5)
249 2
+2 1
+7 11
+3 2
+5 3
+28 3
+1 1
cfi=(6)
cfn=(10)
calls=1 126 
* 118386

fn=(264)
256 10
fi=(70)
-51 2
fi=(6)
100 4
fi=(70)
205 6
+83 2
fi=(6)
48 2
+1 2
fi=(70)
288 2
fi=(6)
60 2
fe=(5)
417 12
fi=(6)
63 12
fe=(5)
389 4
-1 4
+3 8
+2 8
+23 8
fi=(70)
288 6
+3 5
+24 3
+3 2
+17 2
fi=(6)
86 2
+2 2
fi=(4)
-8 2
fi=(6)
+20 4
-12 2
-2 8
+14 4
+10 1
+3 2
fe=(5)
378 4
fi=(6)
113 4
fe=(5)
378 12
fi=(6)
113 8
+7 4
fi=(4)
-40 2
fi=(6)
+44 4
+2 4
fe=(5)
305 12
fi=(6)
128 2
+3 4
-3 2
fe=(5)
247 2
fi=(6)
130 2
-1 2
-1 2
+1 4
-1 2
+3 2
fe=(5)
249 4
+2 2
+5 6
fi=(4)
138 6
fe=(5)
256 42
fi=(4)
80 2
fe=(5)
256 26
cfi=(71)
cfn=(270)
calls=2 840 
* 16144
+2 2
+3 1
-3 2
+3 2
+5 11
+28 3
fi=(6)
145 1
fe=(5)
295 1
cfi=(6)
cfn=(269)
calls=1 145 
* 26749
-37 2
+3 1
-3 2
fi=(70)
+78 2
cfn=(286)
calls=1 +6 
* 29
+1 8
fe=(5)

fn=(265)
417 51
fi=(6)
63 51
fe=(5)
389 18
-1 18
+3 36
+2 34
+23 34
+5 2
258 4
+3 2
-3 4
+3 4
+5 22
+28 18
fi=(6)
145 6
fe=(5)
295 6
cfi=(6)
cfn=(268)
calls=1 145 
* 10432
cfi=(6)
cfn=(269)
calls=5 145 
* 47223
-37 4
+3 2
-3 4
440 2
+2 3
+1 2
fi=(73)
38 2
+2 1
-2 2
+1 2
+1 2
cob=(3)
cfi=(74)
cfn=(282)
calls=1 -6 
* 9
* 1
fe=(5)
445 2
cfi=(6)
cfn=(269)
calls=1 63 
* 98

fl=(71)
fn=(276) check_match
70 672
+3 96
-3 480
+3 288
+13 96
-13 96
+13 96
-13 96
+13 288
+3 332
cfi=(24)
cfn=(66)
calls=35 -25 
* 2392
* 35
+4 96
+1 96
+2 93
+19 93
+1 837
-38 96
+84 480
-18 3
+2 3
+1 9
-1 9
-29 279
cfi=(24)
cfn=(66)
calls=93 -53 
* 4437
* 93

fn=(272) do_lookup_x
363 312
+1 104
-1 832
+6 104
-6 520
+48 104
+82 104
390 104
493 104
390 104
493 416
-82 104
-20 208
-1 104
+1 104
-21 208
cfn=(273) do_lookup_x'2
calls=104 +4 
* 33604
859 24
+1 104
+5 104
+23 208
-23 104
+24 464
+7 96
-7 96
+40 384
+79 288
-65 192
+3 380
+7 570
-69 95
+69 285
-86 40
+18 24
cfn=(271)
calls=8 +68 
* 80
+59 3
cfn=(271)
calls=1 +2 
* 14

fn=(273)
395 670
fi=(4)
80 335
fe=(71)
403 670
-4 335
+1 335
+3 670
+1 335
+3 335
-3 670
+4 335
+4 670
+3 335
-3 335
+3 335
-5 335
+8 1340
570 717
374 670
+3 670
+4 670
+4 670
+4 1005
+88 192
fi=(4)
137 192
+1 96
fe=(71)
528 192
fi=(72) ./elf/../sysdeps/generic/dl-protected.h
29 192
fe=(71)
535 748
+16 96
+1 96
+1 96
+21 768
422 100
-1 100
+1 200
-1 100
+2 100
+2 100
+6 400
-6 1500
cfn=(273)
calls=100 +3 
* 19699
+13 256
-10 1120
+2 96
+1 192
-1 96
+1 192
+1 96
-1 192
+1 96
-1 576
cfn=(276)
calls=96 70 
* 11591
+4 96
573 8
+1 64
-35 15
-70 12
170 44
cfn=(273)
calls=4 469 
* 1221
+6 1152
cfn=(273)
calls=96 477 
* 2683

fn=(270)
840 65
+92 13
-92 104
+92 13
-92 39
+92 13
692 39
581 39
-1 26
+2 26
-1 26
+1 274
-1 274
+2 13
846 26
-4 26
+1 13
+3 39
+4 23
+5 26
-2 13
+6 13
-7 65
cfn=(271)
calls=13 +8 
* 5415
fi=(5)
256 12
+2 3
+8 7
-8 2
+3 2
-3 4
+3 4
+5 18
+28 6
fi=(6)
145 2
fi=(5)
295 2
cfi=(6)
cfn=(268)
calls=2 145 
* 42950
-29 2
cfn=(265)
calls=1 +28 
* 10437
-8 4
+3 2
-3 4
-2 4
+2 2
+3 1
-3 2
+3 2
+5 7
+28 3
fi=(6)
191 1
fi=(5)
295 1
cfi=(6)
cfn=(268)
calls=1 191 
* 2476
-37 2
+3 1
-3 2
fi=(90)
95 5
+4 10
+10 60
+15 25
+9 10
+29 10
cfn=(335)
calls=5 -3 
* 45
fi=(7)
-94 20
+1 44
+2 4
fi=(80) ./elf/./dl-sym-post.h
-30 8
+12 12
fi=(7)
+19 8
fi=(80)
-12 4
fi=(7)
+12 8
fe=(71)

fn=(271)
840 455
+92 91
-92 728
+92 91
-92 273
+92 91
692 273
581 273
-1 182
+2 182
-1 182
+1 2386
-1 2386
+2 91
846 182
-4 182
+1 91
+3 273
+4 174
+5 182
-2 91
+6 91
-7 455
cfn=(271)
calls=91 +8 
* 36528
+8 1248
cfn=(272)
calls=104 363 
* 40695
+86 4
+7 54
-69 9
+69 27
fi=(5)
256 344
+2 86
+8 21
-3 4
fi=(73)
38 2
-1 2
+3 2
-2 1
+2 1
-1 2
+1 2
cob=(3)
cfi=(76)
cfn=(290)
calls=1 -1 
* 18
* 1
fi=(5)
266 10
-8 83
+3 83
-3 166
+3 166
+5 586
+28 246
fi=(6)
145 82
fi=(5)
295 82
cfi=(6)
cfn=(269)
calls=82 145 
* 1227619
-29 6
+83 2
+2 4
+2 4
-1 2
cfi=(6)
cfn=(269)
calls=1 145 
* 13115
-86 6
cfn=(265)
calls=3 +28 
* 18386
-8 166
+3 83
-3 166
-2 20
+2 5
+8 32
-8 1
+3 1
-3 2
+3 2
+5 11
+28 12
fi=(6)
191 4
fi=(5)
295 4
cfi=(6)
cfn=(269)
calls=4 191 
* 4294
-1 3
fi=(6)
191 1
fi=(5)
295 1
cfi=(6)
cfn=(269)
calls=1 191 
* 1007
-37 2
+3 1
-3 2
fe=(71)

fl=(53)
fn=(174)
50 20
+8 70
+2 10

fl=(66)
fn=(234)
361 3
+4 2
-2 5
cfn=(235) _dl_check_all_versions'2
calls=1 +3 
* 2552
fi=(2)
698 1
+4 3
fe=(66)

fn=(235)
366 1
+1 5
cfn=(236) _dl_check_map_versions
calls=1 155 
* 2546

fn=(236)
155 4
+15 1
-15 1
+15 1
fi=(4)
-90 1
fe=(66)
+92 3
+2 1
+1 1
-1 1
+3 1
+3 2
-16 1
+16 4
+4 3
-28 1
+28 2
fi=(67) ./elf/../sysdeps/generic/_itoa.h
76 1
fe=(66)
217 1
fi=(67)
76 1
fe=(66)
217 3
36 2
200 1
36 1
200 2
36 2
200 1
36 2
+1 3
-1 3
+2 12
cfi=(47)
cfn=(152)
calls=4 +30 
* 260
* 4
208 2
+5 2
65 2
213 2
65 1
213 1
+4 10
+2 1
-2 2
+4 2
-4 1
56 1
217 1
fi=(4)
80 1
fe=(66)
-24 2
+8 3
+6 2
+16 1
+1 1
+2 2
+5 3
+14 6
+12 2
+4 1
-30 3
+16 1
+3 4
cfi=(24)
cfn=(66)
calls=1 -49 
* 39
* 1
224 1
+3 1
-3 3
+3 2
+9 3
+5 2
-43 1
cfn=(237) _dl_check_map_versions'2
calls=1 36 
* 748
366 2
+1 10
cfn=(237)
calls=2 155 
* 1336
-2 2
+2 4
-1 2
-1 2

fn=(237)
155 12
+15 3
-15 3
+15 3
fi=(4)
-90 3
fe=(66)
+92 9
+2 3
+1 3
-1 3
+3 3
+3 2
-16 1
+16 4
+4 3
-28 1
+28 2
fi=(67)
76 1
fe=(66)
217 1
fi=(67)
76 1
fe=(66)
217 3
36 2
200 1
36 1
200 2
36 2
200 1
36 4
200 1
36 1
200 2
36 2
200 1
36 2
+1 5
-1 5
+2 21
cfi=(47)
cfn=(152)
calls=7 +30 
* 464
* 7
208 4
+5 4
65 4
213 4
65 2
213 2
+4 26
+2 2
-2 4
+4 4
-4 2
56 2
217 2
fi=(4)
80 2
fe=(66)
-24 4
217 2
+2 2
-2 4
+4 4
-4 2
56 2
217 2
fi=(4)
80 2
fe=(66)
-24 4
+8 12
+6 8
+16 4
+1 4
+2 8
+5 12
+14 75
+12 42
+4 21
-30 63
232 2
-11 2
cfn=(237)
calls=2 -4 
* 1001
110 4
+3 16
cfi=(24)
cfn=(66)
calls=4 -49 
* 255
* 4
224 4
+3 4
-3 12
+3 6
+9 6
+14 2
-94 2
+8 2
+86 2
356 8
250 12
+3 10
cfn=(237)
calls=2 +3 
* 657
+10 21
-7 21
+3 21
-3 63
+3 21
-3 2
+3 2
-3 6
+3 2
+8 3
fi=(21)
44 9
fe=(66)
273 3
fi=(21)
44 6
cfi=(22)
cfn=(50)
calls=3 +34 
* 105
fe=(66)
272 3
fi=(21)
44 3
fe=(66)
274 3
+13 3
fi=(4)
80 3
fe=(66)
287 3
-3 3
+3 6
+2 6
+3 2
+11 2
-11 6
+4 6
cfn=(237)
calls=2 +3 
* 375
* 3
cfn=(237)
calls=1 +3 
* 43
+18 2
-15 4
+2 4
-2 6
+2 6
+2 5
+2 5
-2 5
+1 5
-1 5
+3 5
-1 5
+1 5
-2 5
+1 5
+1 5
+3 10
+8 6
+5 1
-28 1
cfn=(237)
calls=1 +2 
* 46
+33 6
+3 2
+11 2
-11 8
cfn=(237)
calls=2 +6 
* 331
+20 21
-14 46
+4 21
-6 21
+7 42
+1 21
-1 21
+1 21
-1 21
+1 21
+1 21
+3 46
+10 8
+10 1
+1 5
cfn=(237)
calls=1 155 
* 197
-2 2
+2 4
-1 2
-1 2
+5 5

fl=(14)
fn=(30)
35 1
+1 4
+1 2
+6 1
+1 1

fl=(17)
fn=(38)
37 3
+3 1
-3 2
+3 1
+18 1
+4 2
+16 5

fl=(20)
fn=(60)
31 3
+2 3
-2 12
+2 3
-2 3
+2 9
cfi=(18)
cfn=(62)
calls=3 +11 
* 6
+2 26
+3 15
+2 2
+2 2
+4 4
+4 4
-4 2
+1 2
-1 2
+5 2
-3 2
-2 2
+4 2
-4 4
+1 2
+3 2
+1 2
-3 2
+3 2
-1 2
cfi=(18)
cfn=(62)
calls=2 -6 
* 4
-5 2
cfn=(61) _dl_add_to_namespace_list'2
calls=1 +1 
* 19
fi=(18)
-1 2
fe=(20)

fn=(61)
46 2
+4 2
-4 1
+1 1
-1 1
+5 1
-3 1
-2 1
+4 1
-4 2
+1 1
+3 1
+1 1
-3 1
+3 1
-1 1

fn=(46)
59 8
+3 1
-3 5
+3 2
+2 1
+2 1
+1 1
+4 6
+6 2
cfi=(21)
cfn=(48)
calls=1 -33 
* 249
fi=(2)
1627 1
+2 1
+3 1
+5 2
-5 2
-1 1
+5 1
-6 1
+1 1
+5 1
cfi=(20)
cfn=(60)
calls=1 31 
* 44
+1 3
1169 1
1326 1
1140 1
+29 1
-18 1
+18 1
-19 1
-2 1
+3 1
+18 1
-19 2
+1 1
-3 1
-3 1
+1 1
+23 2
+57 2
+45 1
-82 1
+37 1
-56 2
+19 1
+37 1
+45 1
-60 1
+15 2
-83 1
+27 2
+96 1
1166 2
cfn=(41)
calls=1 +4 
* 89132
fe=(20)

fn=(47)
fi=(29)
1063 2
+1 2
+11 2
+2 2
+2 2
+1 4
-1 2
-3 4
-1 2
+2 2
+3 6
+1 4
+19 4
-2 4
+2 24
+10 2
-10 2
+10 6
+27 2
+58 6
+6 2
-38 2
-26 2
+64 2
-6 2
-99 2
+15 2
-15 2
+15 2
+26 2
+9 2
-42 2
-1 2
-1 2
+61 2
-52 4
+52 2
+32 2
-94 4
cfn=(165)
calls=2 +10 
* 1123
1269 6
fi=(57)
39 2
+6 2
-2 2
+2 2
+7 2
+7 2
+3 2
+2 2
-3 2
-6 2
-2 2
-1 2
+2 2
+5 2
+3 2
+2 2
-3 2
-3 2
-3 2
-2 4
-4 26
+3 2
-1 4
+17 11
-23 22
+9 6
+2 8
+3 6
+3 6
+2 4
cfn=(184)
calls=2 +4 
* 932
fe=(20)
-5 16
+3 2
-3 10
+3 4
+18 2
+3 2
-3 2
+3 2
cfi=(16)
cfn=(36)
calls=2 -27 
* 51
* 4
+4 2
+5 4
fi=(21)
-48 10
cfi=(22)
cfn=(50)
calls=2 +34 
* 105
* 2
fe=(20)
+51 2
+4 2
-1 2
+1 4
+5 2
-1 2
-1 2
+2 4
-2 2
+2 2
cfi=(23)
cfn=(56)
calls=2 -29 
* 33
* 2
+2 6
+13 4
+8 2
+3 4
-3 4
+3 4
+6 3
-4 3
+7 9
fi=(4)
1394 2
+2 2
fe=(20)
139 2
+2 1
-2 2
fi=(4)
1396 30
fe=(20)
139 30
+2 15
-2 30
+16 9
-6 3
+6 3
-5 3
+5 3
-5 3
-1 3
+6 3
+2 4
+3 2
-3 4
+7 6
+4 2
+8 1
+3 2
+10 2
-10 4
+10 4
+2 4
cfi=(16)
cfn=(36)
calls=2 56 
* 65
* 4
+4 4
+68 24
131 6
cfn=(47)
calls=2 +5 
* 435
* 2
-12 2
+49 8
-15 1
+7 2
+16 2
cfn=(47)
calls=1 * 
* 13
+69 6
cfi=(23)
cfn=(56)
calls=2 75 
* 36
* 2
+5 2
+1 6
-1 40
+1 120
+2 4
+3 2
+3 4
cfn=(47)
calls=2 +4 
* 16
fi=(21)
56 8
cfi=(22)
cfn=(54)
calls=2 -21 
* 48
* 2
fe=(20)
200 2

ob=(2)
fl=(44)
fn=(596) 0x000000000010a50c
0 5

fn=(404)
0 4
cob=(5)
cfi=(100)
cfn=(406) call_weak_fn
calls=1 0 
0 4
0 2

fn=(352)
0 4
cob=(4)
cfi=(92)
cfn=(354)
calls=1 0 
0 4
0 2

fn=(618)
0 5

ob=(5)
fl=(100)
fn=(388)
0 12
cob=(3)
cfi=(101)
cfn=(392)
calls=1 242 
0 146492805
0 4

fn=(410)
0 1
cfn=(412) 0x0000000000000f40
calls=1 0 
0 10

fn=(574)
0 12
cfn=(590) 0x0000000000000f10
calls=1 0 
0 12
cob=(3)
cfi=(129)
cfn=(582)
calls=1 30 
0 107
0 5
fi=(126)
115 1
+2 2
+6 1
-3 2
+3 1
+4 3
+12 1
-1 1
+2 1
-2 1
+2 1
+1 1
-3 1
+3 3
+1 2
cob=(4)
cfi=(92)
cfn=(600)
calls=1 0 
* 884
-1 3
+5 2
+1 4
cob=(2)
cfi=(44)
cfn=(596)
calls=1 0 
* 5
+6 2
cob=(1)
cfi=(42)
cfn=(598)
calls=1 -57 
* 11
+5 1
-45 1
+45 2
-45 2
fe=(100)

fn=(594) 0x0000000000000fb4
0 5

fn=(590)
0 7
cfn=(594)
calls=1 0 
0 5

fn=(406)
0 4

fn=(412)
0 10

fl=(106)
fn=(430) readstr
505 6
-2 1
+2 1
+1 2
-1 4
136 2
-1 2
+3 1
+1 1
-5 2
+5 4
-5 1
+5 7
+1 1
-1 1
+1 11
+2 1
-2 1
+2 12
+1 2
-1 1
+1 8
+1 1
+2 3
-3 1
+2 1
-1 1
+2 7
+53 4
-53 1
+53 1
-51 1
-1 1
-18 1
+12 2
+7 1
+2 3
cfn=(431)
calls=1 573 
* 109
+1 3
cfn=(494) insert
calls=1 +80 
* 146486503
cob=(3)
cfi=(122)
cfn=(492)
calls=1 32 
* 12
* 18
573 3
fi=(107)
75 1
fe=(106)
573 2
fi=(107)
75 1
fe=(106)
573 2
fi=(107)
75 5
cob=(3)
cfi=(108)
cfn=(436)
calls=1 299 
* 2558
* 4
fe=(106)

fn=(431)
151 6
cfn=(558) deletetree
calls=1 376 
* 4447615
cfn=(505) find'2
calls=1 364 
* 78566922
cob=(3)
cfi=(122)
cfn=(492)
calls=2 32 
* 24
* 21
* 138
cfn=(495)
calls=46 +80 
* 6168449181
cob=(3)
cfi=(122)
cfn=(492)
calls=46 32 
* 552
* 828
573 96606
fi=(107)
75 32202
fe=(106)
573 64404
fi=(107)
75 32202
fe=(106)
573 64404
fi=(107)
75 225366
fe=(106)
578 96609
fi=(107)
75 64406
fe=(106)
578 32203
+1 32203
+1 32203
fi=(107)
75 161015
fe=(106)
579 129043
+1 129043
fi=(107)
75 967607
fe=(106)
578 1128722
+5 64406
+2 161015
fi=(107)
75 50
cob=(3)
cfi=(108)
cfn=(437)
calls=17 299 
* 13226
cfi=(106)
cfn=(431)
calls=32 578 
* 1520
cob=(3)
cfi=(108)
cfn=(436)
calls=33 299 
* 6681
* 264
* 16
cfi=(106)
cfn=(431)
calls=16 578 
* 2974
cob=(3)
cfi=(108)
cfn=(436)
calls=16 299 
* 2556
* 96
fe=(106)

fn=(494)
150 1
388 1
150 2
cfn=(431)
calls=1 573 
* 109
+1 3
cfn=(495)
calls=1 +80 
* 146486091
cob=(3)
cfi=(122)
cfn=(492)
calls=1 32 
* 12
* 18
+80 7
+3 3
cob=(3)
cfi=(113)
cfn=(454)
calls=1 3287 
* 252
* 4

fn=(495)
269 32024
+2 160120
+36 40294
cfn=(499) insertfixup'2
calls=20146 -35 
* 2699963259585
cfn=(498) insertfixup
calls=1 -35 
* 146485348
+8 11877
cfn=(429)
calls=11869 150 
* 1591662699077
-84 224168
+3 96072
cfn=(495)
calls=23 513 
* 9982
cob=(3)
cfi=(113)
cfn=(454)
calls=32024 3287 
* 19416876
* 128570
513 7538010
+3 823054
246 204766
-6 963774
cfn=(495)
calls=379504 513 
* 95744147
+3 206761
-3 206761
513 128096
cfn=(495)
calls=32024 +14 
* 2029027
+14 320250
+1 320250
-1 32025
+1 64050
253 32025
-2 32025
+1 32025
+2 32025
513 908196
+3 64048
260 15896
+2 15896
+3 47688
-3 15896
-4 16128
+4 16128
+3 48384
-3 16128
+3 5

fn=(518) firstfilterwords
181 1
cfn=(429)
calls=1 +5 
* 112713594
733 1
-2 6
+6 2
-3 3
cfn=(520) checkcompatibility
calls=1 -42 
* 8202522

fn=(519) firstfilterwords'2
181 9
cfn=(429)
calls=9 +5 
* 489665034
733 320042
-2 957840
+6 319280
-3 478920
cfn=(520)
calls=6 -42 
* 64991600
cfn=(521) checkcompatibility'2
calls=159634 -42 
* 762594281
* 411900
cfn=(521)
calls=137300 -42 
* 767871118
+5 27591
cfn=(519)
calls=9197 -6 
* 132155840
+1 164282
-7 164282
+10 107928
-6 160402

fn=(504) find
364 1
513 310
+3 30
+2 8
371 8
-7 8
516 1
367 1
+7 1
cfn=(429)
calls=1 174 
* 120917993
-5 7
-5 7

fn=(505)
364 130
513 35728
+3 3518
+2 953
371 953
-7 953
+10 12
cfn=(429)
calls=12 174 
* 769531516
516 118
367 118
+7 118
cfn=(429)
calls=118 174 
* 7177695445
-5 806
-5 812
cfn=(505)
calls=6 +10 
* 378237626

fn=(558)
376 1
-1 4
+2 1
-2 1
+1 1
+1 1
-1 1
+1 1
-1 1
+1 2
cfn=(559)
calls=1 -1 
* 2161403
0 4
fi=(44)
cob=(3)
cfi=(113)
cfn=(537)
calls=1 3356 
0 2286194
fe=(106)

fn=(559)
376 14192
-1 36544
+2 9136
-2 9136
+1 9136
+1 4461
-1 4461
+1 1701
-1 1701
+1 1790
cfn=(559)
calls=895 -1 
* 10259174
+1 634
cfn=(559)
calls=317 -2 
* 213408
+1 510
cob=(3)
cfi=(113)
cfn=(537)
calls=255 3356 
* 536743
* 1020
-1 806
-2 806
+1 166
cfn=(559)
calls=83 -1 
* 166
+1 166
cfn=(559)
calls=83 -2 
* 166
+1 166
cob=(3)
cfi=(113)
cfn=(537)
calls=83 3356 
* 113404
* 332
* 1446
cob=(3)
cfi=(113)
cfn=(537)
calls=723 3356 
* 535465
* 2892
-1 2760
-2 2760
+1 333
-1 333
+2 333
-2 333
+3 666
cob=(3)
cfi=(113)
cfn=(537)
calls=333 3356 
* 175709
* 1332
* 4854
cob=(3)
cfi=(113)
cfn=(537)
calls=2427 3356 
* 618199
* 9708
-1 4675
-2 4675
+1 876
-1 876
+2 876
-2 876
+3 1752
cob=(3)
cfi=(113)
cfn=(537)
calls=876 3356 
* 114756
* 3504
* 3799
+3 11397
-3 3799
cob=(3)
cfi=(113)
cfn=(537)
calls=3799 3356 
* 9915909
* 15196
* 5056
0 21348
fi=(44)
cob=(3)
cfi=(113)
cfn=(537)
calls=5337 3356 
0 89980842
fe=(106)

fn=(506) verifyattempt
176 1
+1 1
+2 1
+1 3
cfn=(518)
calls=1 733 
* 120916129
613 1
+3 2
-3 1
+12 2
-12 2
+13 1
-1 1
+2 1
-14 1
+12 1
-12 3
+12 1
-9 1
+9 10
+1 1
-1 2
+1 1
+1 1
-1 1
+1 1
-1 5
-1 1
+1 1
+4 10
cfn=(507) verifyattempt'2
calls=1 +1 
* 1801

fn=(507)
176 118
+1 113
+2 113
+5 208
722 312
cfn=(531) filterwords.part.0'2
calls=103 -3 
* 6169685815
cfn=(530) filterwords.part.0
calls=1 -3 
* 112710908
195 10
cfn=(429)
calls=5 -45 
* 301272631
-15 27
cfn=(519)
calls=9 733 
* 593862370
613 118
+3 236
-3 118
+12 236
-12 236
+13 118
-1 118
+2 118
-14 118
+12 118
-12 354
+12 118
-9 118
+9 1180
+1 118
-1 236
+1 118
+1 118
-1 118
+1 118
-1 590
-1 118
+1 118
+4 1180
cfn=(507)
calls=118 +1 
* 156094
+8 576
-1 288
-7 864
+1 2975
+1 307
-92 307
+93 921
+1 307
-95 614
+4 307
-1 614
+4 307
-1 614
+6 324
+83 432
-4 432
+4 796
-4 796
+11 352
+10 114
551 114
+99 114
+4 114
+4 114
-13 114
+1 114
cfn=(507)
calls=114 +1 
* 144684
+5 576
+1 288
-2 288
+1 288
+1 288
-1 576
+1 576
+1 288
+2 77
-1 77
+1 154
-9 1152
+1 570
540 570
647 570
539 1140
+4 570
-1 1140
+4 570
-1 1140
+6 690
+97 1710
+15 1128
-17 1128
+21 22230
+1 47544
+1 45
+1 180
-4 135
+4 26988
-4 21753
+7 114
cfn=(508) printstring
calls=114 -87 
* 8152
+1 226
+2 1180
-18 211
+1 422
cfn=(507)
calls=211 -13 
* 253094
-17 15
cfn=(508)
calls=5 -56 
* 205
+1 10
cfn=(507)
calls=5 +33 
* 50

fn=(522) bstinsert
406 2121
+1 2121
-1 12726
+4 6363
cfn=(523)
calls=1411 513 
* 4580479
cob=(3)
cfi=(113)
cfn=(454)
calls=2121 3287 
* 3036027
* 75847
737 4242
cfn=(519)
calls=2121 +2 
* 63599368

fn=(523)
406 7076
+1 7076
-1 42456
+4 21228
cfn=(523)
calls=3 +24 
* 18
cfn=(523)
calls=5013 513 
* 17143477
cob=(3)
cfi=(113)
cfn=(454)
calls=7076 3287 
* 10901402
* 265331
513 17928090
+3 4729232
+4 26799
-94 8933
+2 4719817
cfn=(523)
calls=2355442 +85 
* 6976615436
-5 2355683
+94 2355683
-89 2355683
+1 9174
+1 6779
+4 6779
-18 6779
+19 27116
-1 2398
-18 2398
+19 9592
-3 4790
cfn=(523)
calls=2395 +2 
* 14370
737 14152
cfn=(519)
calls=7076 +2 
* 70010877

fn=(500) resethistory
158 1
cfn=(429)
calls=1 -8 
* 120918838
677 1
+4 2
-4 2
+4 4
cob=(3)
cfi=(119)
cfn=(478)
calls=1 32 
* 52
* 57

fn=(501) resethistory'2
158 9
cfn=(429)
calls=9 -8 
* 593884620
677 9
+4 18
-4 18
+4 36
cob=(3)
cfi=(119)
cfn=(478)
calls=9 32 
* 468
* 513

fn=(428)
114 2
+18 1
-18 2
+18 1
-18 6
+18 1
-18 3
+18 1
cfn=(430)
calls=1 573 
* 146489322
fi=(103)
-58 1
cob=(3)
cfi=(124)
cfn=(560)
calls=1 +68 
* 2462
fe=(106)

fn=(429)
150 498
cfn=(431)
calls=166 573 
* 83038109
+1 492
cfn=(521)
calls=1 692 
* 4475155
cfn=(520)
calls=1 692 
* 45168378
cfn=(429)
calls=2 -1 
* 49643819
cfn=(543) printbst'2
calls=10 437 
* 661801608
cfn=(501)
calls=9 677 
* 593885691
cfn=(542) printbst
calls=1 437 
* 112504862
cfn=(505)
calls=129 364 
* 7868704258
cfn=(504)
calls=1 364 
* 120918375
cfn=(429)
calls=10 527 
* 714802038
cob=(3)
cfi=(122)
cfn=(492)
calls=164 32 
* 1968
* 2203
-1 31999
388 31999
150 63998
cfn=(431)
calls=31999 573 
* 6171946309
+1 95859
cfn=(500)
calls=1 677 
* 120918957
cfn=(495)
calls=31952 +80 
* 4285477614467
cob=(3)
cfi=(122)
cfn=(492)
calls=31953 32 
* 383436
* 575149
527 100
+1 100
-1 10
+1 20
213 10
+1 10
551 10
213 30
540 10
-1 20
+1 40
-1 80
+4 50
-1 100
+4 50
-1 100
+6 54
214 18
-1 18
+1 72
-1 18
+1 32
-1 32
+1 128
-1 32
+3 20
503 10
216 10
cfn=(431)
calls=10 573 
* 562
505 80
+1 20
-1 47
+1 14
-1 28
220 10
-1 10
+1 10
493 10
+1 9
-1 9
+2 9
-2 9
+3 18
cob=(3)
cfi=(113)
cfn=(537)
calls=8 3356 
* 481385956
cob=(3)
cfi=(113)
cfn=(536)
calls=1 3356 
* 112495497
* 36
221 1
-3 1
+4 1
-1 1
+1 1
cfn=(429)
calls=1 -72 
* 120918515
-48 131
+1 476
cfn=(507)
calls=118 613 
* 7177694855
cfn=(506)
calls=1 613 
* 120917988
+11 20
cfn=(525) printnumber'2
calls=9 595 
* 489665016
cfn=(524) printnumber
calls=1 595 
* 112713592
+13 24
cfn=(508)
calls=12 586 
* 1356
* 12
cfn=(429)
calls=12 -49 
* 769530112
-38 10
cfn=(429)
calls=10 -11 
* 675533835

fn=(524)
fi=(107)
110 10
fe=(106)
+78 3
cfn=(429)
calls=1 -38 
* 112713482
595 1
-2 1
+2 1
-2 1
+2 1
-2 1
+2 1
-2 1
+2 1
+1 2
+1 1
cfn=(525)
calls=1 -2 
* 85

fn=(525)
fi=(107)
110 200
fe=(106)
+78 60
cfn=(429)
calls=20 -38 
* 1075432664
595 149
-2 149
+2 149
-2 149
+2 149
-2 149
+2 149
-2 149
+2 149
+1 298
fi=(107)
110 114
fe=(106)
599 228
fi=(107)
110 114
fe=(106)
599 114
fi=(107)
110 114
fe=(106)
599 228
fi=(107)
110 114
fe=(106)
599 342
fi=(107)
110 570
fe=(106)
601 342
-4 35
cfn=(525)
calls=35 -2 
* 2006
* 36
cfi=(107)
cfn=(526) printnumber
calls=36 110 
* 720

fn=(508)
586 3628
+2 4535
fi=(107)
110 32816
fe=(106)
588 10019
fi=(107)
110 8145
fe=(106)
592 2715
fi=(107)
110 2
cob=(3)
cfi=(108)
cfn=(514)
calls=2 +89 
* 639
* 8
fe=(106)
438 90
-1 159
+1 23
-1 23
+1 224
-1 224
+1 192
-1 192
+1 96
-1 96
+1 40
-1 40
+1 16
-1 16
+2 32
cfn=(509)
calls=16 586 
* 1088
+1 16
-3 16
+2 80
cfn=(509)
calls=40 586 
* 2720
+1 40
-3 40
+2 192
cfn=(509)
calls=96 586 
* 6528
+1 97
-3 97
+2 386
cfn=(509)
calls=193 586 
* 13124
+1 193
-3 193
+2 496
cfn=(509)
calls=248 586 
* 19960
+1 247
-3 316
+2 46
cfn=(509)
calls=23 586 
* 1564
* 134
cfn=(509)
calls=67 586 
* 4556
+1 90
-3 90
674 2
+2 10

fn=(509)
586 2888
+2 3610
fi=(107)
110 26032
fe=(106)
588 7960
fi=(107)
110 6516
fe=(106)
592 2172
fi=(107)
110 1
cob=(3)
cfi=(108)
cfn=(514)
calls=1 +89 
* 221
* 4
fe=(106)
438 14
-1 29
+1 5
-1 5
+1 14
-1 14
+1 5
-1 5
+2 10
cfn=(509)
calls=5 586 
* 340
+1 5
-3 5
+2 38
cfn=(509)
calls=19 586 
* 1292
+1 20
-3 38
+2 12
cfn=(509)
calls=6 586 
* 408
* 18
cfn=(509)
calls=9 586 
* 612
+1 15
-3 15
+6 4

fn=(542)
437 1
-1 5
+2 1
-1 1
+2 2
cfn=(508)
calls=1 586 
* 68
+1 1
-3 1
+6 4
cfn=(429)
calls=1 161 
* 112504778

fn=(543)
161 1
cfn=(429)
calls=1 -11 
* 98660930
437 10
-1 50
+2 10
-1 10
+1 236
-1 530
+1 98
-1 98
+1 178
-1 178
+1 165
-1 165
+1 49
-1 49
+1 18
-1 18
+1 11
-1 11
+1 6
-1 6
+1 2
-1 2
+2 4
cfn=(508)
calls=2 586 
* 136
+1 2
-3 2
+2 12
cfn=(508)
calls=6 586 
* 408
+1 6
-3 6
+2 22
cfn=(508)
calls=11 586 
* 748
+1 11
-3 11
+2 36
cfn=(508)
calls=18 586 
* 1224
+1 18
-3 18
+2 98
cfn=(508)
calls=49 586 
* 57277
+1 48
-3 48
+2 328
cfn=(508)
calls=164 586 
* 11152
+1 164
-3 164
+2 550
cfn=(508)
calls=275 586 
* 18700
+1 275
-3 566
+2 194
cfn=(508)
calls=97 586 
* 6596
* 296
cfn=(508)
calls=148 586 
* 10064
+1 245
-3 245
+6 36
cfn=(429)
calls=9 161 
* 563029067

fn=(532) deleteonbst
444 9187
+2 18374
-2 27561
+2 9187
+4 9187
-3 9187
+14 208
-59 918
527 282
+1 282
-1 1410
+1 1410
-50 282
+1 423
+3 78
+2 78
+1 69
-12 69
cob=(3)
cfi=(113)
cfn=(537)
calls=66 3356 
* 8580
cob=(3)
cfi=(113)
cfn=(536)
calls=3 3356 
* 390
* 276
* 53
cob=(3)
cfi=(113)
cfn=(537)
calls=53 3356 
* 6890
* 212
-25 17958
+1 26874
+3 2340
+5 2340
+1 62
+15 124
cob=(3)
cfi=(113)
cfn=(537)
calls=60 3356 
* 7860
cob=(3)
cfi=(113)
cfn=(536)
calls=2 3356 
* 262
* 248
* 4556
cob=(3)
cfi=(113)
cfn=(537)
calls=2246 3356 
* 293674
cob=(3)
cfi=(113)
cfn=(536)
calls=32 3356 
* 4120
* 9112
-11 134
+1 198
+3 32
+6 32
+1 64
cfn=(533)
calls=32 * 
* 4352
+7 63
+4 82
cfn=(533)
calls=19 -11 
* 2565
-34 42
cfn=(533)
calls=21 +7 
* 2919
* 1
+22 2
cfn=(533)
calls=1 +1 
* 138
-22 13236
cfn=(533)
calls=6618 +7 
* 915507
+14 34
+8 68
cfn=(533)
calls=34 +1 
* 4692
726 9187
+4 45935

fn=(533)
473 19
cob=(3)
cfi=(113)
cfn=(537)
calls=18 3356 
* 2340
cob=(3)
cfi=(113)
cfn=(536)
calls=1 3356 
* 130
* 76
+18 36184
-34 6639
+1 2940
+15 5880
cob=(3)
cfi=(113)
cfn=(537)
calls=2501 3356 
* 327631
cob=(3)
cfi=(113)
cfn=(536)
calls=439 3356 
* 57509
* 11760
* 7398
cob=(3)
cfi=(113)
cfn=(537)
calls=3566 3356 
* 466546
cob=(3)
cfi=(113)
cfn=(536)
calls=133 3356 
* 17327
* 14796
* 67
cob=(3)
cfi=(113)
cfn=(537)
calls=66 3356 
* 8646
cob=(3)
cfi=(113)
cfn=(536)
calls=1 3356 
* 131
* 268
* 70
cfn=(533)
calls=35 * 
* 4760

fn=(498)
294 1
-22 4
+30 3
+5 1
+1 1
+10 1
+1 2
+1 1
+3 2
+1 2
+13 2
cfn=(499)
calls=1 -2 
* 146485328

fn=(499)
294 34414
+1 16498
+1 16498
+1 16498
+2 16498
-28 124176
+1 115900
+1 14421
+1 34237
+8 24684
+5 6171
+1 6171
+54 12342
+1 6171
+1 1658
+2 3316
+1 3316
-1 9026
+1 9026
+4 18510
+4 3020
+3 3020
+1 3020
-88 12080
+87 3151
+1 3151
-88 12604
+44 20147
cfn=(429)
calls=20130 150 
* 2700108963096
-13 18918
+5 6306
+1 6306
+10 6306
+1 12612
+1 6306
+1 1682
+2 3364
+1 3364
-1 9248
+1 9248
+4 18915
+4 3273
+3 3273
+1 3273
+1 3273
cfn=(499)
calls=3273 -66 
* 439320005340
-2 3034
+1 3034
+1 3034
cfn=(499)
calls=3034 -66 
* 406903176200
* 2
cfn=(499)
calls=1 -2 
* 146472598
-8 6064
cfn=(499)
calls=3032 +6 
* 406610227376
+13 6200
+1 3100
+1 827
+2 827
+5 827
-5 827
+5 3927
-5 2273
+5 4546
+4 3100
+3 3100
-50 3100
+51 3100
-51 12400
cfn=(499)
calls=3100 -1 
* 416302559938
* 2
cfn=(499)
calls=1 +50 
* 146480945
+44 6300
cfn=(499)
calls=3150 +6 
* 422056363230
-33 6106
+1 3053
+1 812
+2 812
+5 812
-5 812
+5 1624
+7 3053
+6 3053
-5 3053
-48 3053
+53 12212
cfn=(499)
calls=3053 -54 
* 409574402799
-18 2241
+6 4482
cfn=(499)
calls=2241 +6 
* 300843991562
* 1624
cfn=(499)
calls=812 +6 
* 108730435661

fn=(520)
386 1
+2 4
cfn=(495)
calls=1 231 
* 545
150 1
388 1
150 2
cfn=(431)
calls=1 573 
* 109
+1 3
cfn=(521)
calls=1 692 
* 45167632
cob=(3)
cfi=(122)
cfn=(492)
calls=1 32 
* 12
* 16
692 156
+10 78
-10 156
+7 156
+1 78
-8 234
+7 624
+1 78
+2 78
-2 78
551 78
702 78
+4 156
cfn=(521)
calls=78 540 
* 48512
+18 70
-1 70
-1 150
cfn=(531)
calls=5 -3 
* 615908
+2 65
-2 84
cfn=(531)
calls=19 -3 
* 1609190
+3 46
+5 230
+5 21
+1 7
+3 21
cfn=(519)
calls=7 -6 
* 73193195

fn=(521)
386 24
+2 96
cfn=(495)
calls=24 231 
* 13709
150 24
388 24
150 48
cfn=(431)
calls=24 573 
* 2936
+1 72
cfn=(429)
calls=2 -1 
* 49623876
cfn=(521)
calls=22 692 
* 464581203
cob=(3)
cfi=(122)
cfn=(492)
calls=24 32 
* 288
* 392
692 659892
+10 329946
-10 659892
+7 659892
+1 329946
-8 989838
+7 2639568
+1 329946
+2 329946
-2 329946
551 329946
702 329946
+4 659892
cfn=(521)
calls=329946 540 
* 63389291
-6 2842518
540 1171857
-1 2343714
+4 1171857
-1 2343714
+4 1171857
-1 2343714
+6 1761918
702 4687428
+3 1080013
+1 1080013
-1 3240039
+1 1080013
+1 1080013
-4 320048
+15 2970216
-5 105673
549 211346
cfn=(521)
calls=105673 713 
* 33478606
713 3601704
-1 8434416
+1 20375780
cfn=(521)
calls=25597 -10 
* 255970
+4 19952
cfn=(521)
calls=9976 +1 
* 89784
+7 9896
-1 9896
-1 25070
cfn=(531)
calls=2639 -3 
* 233838930
+2 7257
-2 12155
cfn=(531)
calls=4898 -3 
* 611455183
+3 2359
+5 1280
-4 10515
cfn=(532)
calls=2103 444 
* 334620
+8 69276
cfn=(521)
calls=23092 -42 
* 6840515
+1 960078
+1 320026
+3 932487
cfn=(519)
calls=310829 -6 
* 1287568699
+1 155751
-7 155751
+10 530636
-6 27591
cfn=(523)
calls=7076 406 
* 98413093
cfn=(522)
calls=2121 406 
* 71319294

fn=(530)
184 1
+2 2
cfn=(525)
calls=1 595 
* 112524998
719 4
+4 1
-4 1
+4 1
cfn=(520)
calls=1 -31 
* 185900

fn=(531)
184 103
+2 206
cfn=(525)
calls=103 595 
* 473247535
fi=(107)
-76 930
fe=(106)
+78 269
cfn=(429)
calls=88 -38 
* 5395868822
+1 5
+1 5
+1 5
-2 10
cfn=(508)
calls=5 586 
* 205
+2 5
cfn=(429)
calls=5 -41 
* 297065012
719 39860
+4 9965
-4 9965
+4 9965
cfn=(520)
calls=69 -31 
* 2089523
cfn=(521)
calls=9896 -31 
* 847661033
+1 5288
-2 4945
cfn=(531)
calls=2301 -3 
* 230882914
+2 7218
+1 7561
+5 2385
-4 35420
cfn=(532)
calls=7084 444 
* 1138786

fl=(107)
fn=(526)
110 36
fi=(106)
599 72
fe=(107)
110 36
fi=(106)
599 36
fe=(107)
110 36
fi=(106)
599 72
fe=(107)
110 36
fi=(106)
599 108
fe=(107)
110 180
fi=(106)
601 108
fe=(107)

totals: 146613744
