# callgrind format
version: 1
creator: callgrind-3.18.1
pid: 34085
cmd:  ./main
part: 1


desc: I1 cache: 
desc: D1 cache: 
desc: LL cache: 

desc: Timerange: Basic block 0 - 47634492
desc: Trigger: Program termination

positions: line
events: Ir
summary: 194939994


ob=(3) /usr/lib/aarch64-linux-gnu/libc.so.6
fl=(103) ./csu/../sysdeps/nptl/libc_start_call_main.h
fn=(420) (below main)
29 10
+15 2
cfi=(104) ./setjmp/../sysdeps/aarch64/setjmp.S
cfn=(422) _setjmp
calls=1 -15 
* 35
+2 1
+12 1
-10 1
+3 1
+4 1
+3 1
-7 1
+4 1
-3 2
+6 5
cob=(5) /home/ilboglions/Desktop/APIWordsChecker2022/Mk3_RB_Mod/main
cfi=(106) /home/ilboglions/Desktop/APIWordsChecker2022/Mk3_RB_Mod/main.c
cfn=(428) main
calls=1 +35 
* 194817262

fl=(88) ./nptl/./nptl/pthread_mutex_conf.c
fn=(326) __pthread_tunables_init
50 2
+1 1
-1 3
+1 2
-1 3
+1 3
cob=(1) /usr/lib/aarch64-linux-gnu/ld-linux-aarch64.so.1
cfi=(10) ./elf/./elf/dl-tunables.c
cfn=(26) __tunable_get_val
calls=1 405 
* 24
cob=(1)
cfi=(89) ./elf/../sysdeps/aarch64/dl-trampoline.S
cfn=(332) _dl_runtime_resolve
calls=1 -13 
* 785
* 28
fi=(84) ./elf/./elf/libc_early_init.c
-2 10
fe=(88)

fl=(110) ./libio/./libio/filedoalloc.c
fn=(444) _IO_file_doallocate
78 12
+6 2
-6 6
+6 4
fi=(120) ./libio/./libio/libioP.h
940 10
+2 2
+1 4
fe=(110)
84 8
cfi=(109) ./libio/./libio/fileops.c
cfn=(446) _IO_file_stat
calls=2 1147 
* 32
* 2
+2 8
+11 10
+1 2
+3 4
cfi=(113) ./malloc/./malloc/malloc.c
cfn=(454) malloc
calls=1 3287 
* 229
cob=(1)
cfi=(89)
cfn=(332)
calls=1 -63 
* 2272
* 13
fi=(108) ./libio/./libio/genops.c
347 4
+3 8
fe=(110)

fl=(127) ./nptl/./nptl/pthread_mutex_lock.c
fn=(560) pthread_mutex_lock@@GLIBC_2.17
fi=(126) ./elf/./elf/dl-fini.c
56 1
+3 1
+2 6
+7 3
cob=(1)
cfi=(42) ./elf/./elf/dl-audit.c
cfn=(340) _dl_audit_activity_nsid
calls=1 -24 
* 11
+5 1
-7 1
+7 1
-7 1
+7 10
+5 1
-5 1
+5 2
+2 12
+2 8
+8 4
-6 4
+6 8
-5 4
+1 4
-8 8
+14 5
+1 5
+6 4
cob=(1)
cfi=(12) ./elf/./elf/dl-sort-maps.c
cfn=(226) _dl_sort_maps
calls=1 288 
* 281
+9 2
+5 1
-5 2
cfi=(128) ./nptl/./nptl/pthread_mutex_unlock.c
cfn=(562) pthread_mutex_unlock@@GLIBC_2.17
calls=1 368 
* 1152
+60 2
+6 2
+7 8
-13 4
fe=(127)
-91 3
+3 4
+2 1
+2 2
+4 3
+20 4
+4 1
+3 1
-3 1
+3 3
-71 1
+1 6
+1 1
+84 1
+1 3
cfn=(561) pthread_mutex_lock@@GLIBC_2.17'2
calls=1 +41 
* 10

fn=(561)
172 1
-2 1
+2 2
+3 1
+2 1
+1 4

fl=(97) ./libio/./libio/vtables.c
fn=(378) check_stdfiles_vtables
84 7
+1 5
+1 5
+2 1

fl=(104)
fn=(422)
29 1
+1 1
+1 1
cfn=(424) __sigsetjmp
calls=1 +8 
* 32

fn=(424)
39 1
+1 1
+1 1
+1 1
+1 1
+3 4
+1 1
+7 1
+1 1
+1 1
+1 1
+1 1
+2 1
+1 4
+1 1
+10 1
cfi=(105) ./setjmp/./setjmp/sigjmp.c
cfn=(426) __sigjmp_save
calls=1 -44 
* 10

fl=(115) ./stdlib/../sysdeps/unix/sysv/linux/getrandom.c
fn=(460) getrandom
28 3
+1 2
-1 1
+1 9
+1 5

fl=(123) ./io/../sysdeps/unix/sysv/linux/write.c
fn=(540) write
25 9
+1 6
-1 3
+1 27
+1 15

fl=(122) ./libio/./libio/feof.c
fn=(492) feof
32 64384
+3 32192
-3 64384
+4 64384
-1 32192
+6 128768

fl=(124) ./stdlib/./stdlib/exit.c
fn=(552) exit
142 1
+1 2
-1 1
+1 3
cfn=(554) __run_exit_handlers
calls=1 40 
* 2455

fn=(554)
40 11
+5 2
+1 1
cfi=(125) ./stdlib/./stdlib/cxa_thread_atexit_impl.c
cfn=(556) __call_tls_dtors
calls=1 149 
* 13
* 1
cfn=(555) __run_exit_handlers'2
calls=1 +2 
* 2427

fn=(555)
48 6
cfi=(98) ???
cfn=(398) __aarch64_cas4_acq
calls=1 -48 
* 6
* 1
+47 1
+3 1
-3 1
-39 2
+2 1
+13 2
-5 4
+2 2
+3 6
+19 4
cfi=(98)
cfn=(398)
calls=1 -90 
* 6
* 1
+15 1
+7 1
-3 1
-2 1
-2 1
+4 1
+3 1
-3 1
+3 2
cfi=(98)
cfn=(402) __aarch64_swp4_rel
calls=1 0 
* 6
* 2
+1 3
cob=(1)
cfi=(126)
cfn=(558) _dl_fini
calls=1 -82 
* 2375
+11 3
+1 1
+6 1
-69 2
+69 2
-69 1
+69 1
cfi=(98)
cfn=(402)
calls=1 0 
* 6
* 2
+2 2
+1 13
cfi=(108)
cfn=(612) _IO_cleanup
calls=1 863 
* 691

fl=(98)
fn=(402)
0 72

fn=(398)
0 72

fn=(380) init_have_lse_atomics
fi=(91) ./elf/./elf/dl-init.c
69 4
+3 4
fe=(98)
-72 4
cob=(1)
cfi=(89)
cfn=(332)
calls=1 38 
0 592
0 14

fl=(95) ./misc/./misc/init-misc.c
fn=(374) __init_misc
31 1
-1 4
+1 2
+2 3
cfi=(96) ./string/../sysdeps/aarch64/strrchr.S
cfn=(376) rindex
calls=1 +28 
* 45
+4 2
+1 1
-1 2
+1 4
+2 3

fl=(118) ./misc/../sysdeps/unix/sysv/linux/brk.c
fn=(474) brk
35 17
+1 85
+1 34
+6 17
+1 17

fl=(99) ./misc/./misc/getauxval.c
fn=(384) getauxval
30 2
+2 3
+32 1

fl=(130) ./posix/./posix/register-atfork.c
fn=(576) __unregister_atfork
76 2
+1 2
-1 4
+1 2
-1 4
+1 8
cfi=(98)
cfn=(398)
calls=2 -77 
* 12
* 2
fi=(131) ./posix/../malloc/dynarray-skeleton.c
243 4
fe=(130)
65 2
+38 8
cfi=(98)
cfn=(402)
calls=2 0 
* 12
* 4
+1 8

fl=(129) ./stdlib/./stdlib/cxa_finalize.c
fn=(574) __cxa_finalize
30 2
+3 2
-3 6
+3 2
-3 2
+3 4
-3 2
+3 2
-3 4
+3 2
cfi=(98)
cfn=(398)
calls=2 -33 
* 12
* 2
+46 2
-36 2
+36 2
-43 8
+4 12
-4 4
+58 6
+4 12
-4 4
+11 2
+1 4
cfi=(130)
cfn=(576)
calls=2 -30 
* 74
+1 10
cfi=(98)
cfn=(402)
calls=2 0 
* 12
* 4
+1 14

fl=(108)
fn=(484) _IO_switch_to_get_mode
164 196
+1 196
+3 98
+5 49
-1 98
+1 98
+7 49
+1 49
-1 49
-4 49
+2 98
+4 147

fn=(614) _IO_flush_all_lockp
686 5
+5 1
-5 1
+5 1
-5 2
+6 2
-6 1
+5 2
-5 3
+5 1
+1 1
-1 1
cfi=(132) ./nptl/./nptl/libc-cleanup.c
cfn=(616) __libc_cleanup_push_defer
calls=1 25 
* 9
+1 9
cfi=(98)
cfn=(398)
calls=1 0 
* 6
* 4
+3 2
-3 3
+3 1
fi=(120)
940 5
fe=(108)
687 1
fi=(120)
940 2
fe=(108)
697 1
+1 1
-1 1
+1 1
+3 6
+5 4
cfi=(109)
cfn=(518) _IO_file_overflow@@GLIBC_2.17
calls=1 +25 
* 193
+3 1
-14 1
+16 2
-16 1
+6 6
+5 1
fi=(120)
942 1
+1 2
fe=(108)
-77 1
-80 5
cfi=(132)
cfn=(616)
calls=1 25 
* 9
+1 9
cfi=(98)
cfn=(398)
calls=1 0 
* 6
* 4
+3 2
-3 3
+3 1
fi=(120)
940 7
cfi=(108)
cfn=(613) _IO_cleanup'2
calls=1 799 
* 337
fe=(108)

fn=(436) __uflow
299 200
+1 102
+5 100
+3 150
+2 100
+6 100
+7 50
fi=(120)
940 250
+2 50
+1 100
fe=(108)
323 100
+1 50
-1 50
+1 50
-1 50
cfn=(438) _IO_default_uflow
calls=50 +38 
* 10095
-23 98
+21 100

fn=(437) __uflow'2
299 68
+1 34
+5 34
+3 51
+2 34
+6 34
+7 17
fi=(120)
940 85
+2 17
+1 34
fe=(108)
323 34
+1 17
-1 17
+1 17
-1 17
cfn=(439) _IO_default_uflow'2
calls=17 +38 
* 12648
-23 34
+21 34

fn=(442) _IO_doallocbuf
fi=(109)
489 7
cfi=(120)
cfn=(482) _IO_file_underflow@@GLIBC_2.17
calls=1 940 
* 82
745 2
+9 1
-9 2
cfn=(519) _IO_file_overflow@@GLIBC_2.17'2
calls=1 +9 
* 33
fe=(108)
343 8
+1 4
+2 6
+1 2
fi=(120)
940 10
+2 2
+1 4
fe=(108)
347 6
cfi=(110)
cfn=(444)
calls=2 78 
* 2632

fn=(480) _IO_setb
329 4
+1 2
-1 6
+1 2
-1 6
+1 2
+5 6
-2 2
+2 4
+3 8

fn=(438)
fi=(106)
446 2
cob=(5)
cfn=(431) readstr'2
calls=1 -3 
* 1493
-4 2
cob=(5)
cfn=(431)
calls=1 +1 
* 29
fe=(108)
-81 50
fi=(120)
940 100
fe=(108)
361 150
fi=(120)
940 100
fe=(108)
362 50
fi=(120)
940 50
+2 50
+1 100
fe=(108)
362 150
cfi=(109)
cfn=(440) _IO_file_underflow@@GLIBC_2.17
calls=50 +99 
* 7341
+1 96
+2 188
+1 144

fn=(439)
fi=(106)
446 34
cob=(5)
cfn=(431)
calls=17 -3 
* 12070
fe=(108)
-85 17
fi=(120)
940 34
fe=(108)
361 51
fi=(120)
940 34
fe=(108)
362 17
fi=(120)
940 17
+2 17
+1 34
fe=(108)
362 51
cfi=(109)
cfn=(440)
calls=17 +99 
* 272

fn=(612)
fi=(124)
134 3
+2 2
fe=(108)
863 2
+3 1
-3 4
-76 2
+76 1
-76 1
+76 1
-77 1
+77 3
+3 1
cfn=(614)
calls=1 686 
* 669

fn=(613)
838 6
-48 6
+9 9
+2 4
+6 16
cfi=(98)
cfn=(398)
calls=2 0 
* 12
* 10
+8 10
+9 10
cfi=(109)
cfn=(624) _IO_file_setbuf@@GLIBC_2.17
calls=2 381 
* 146
+2 6
+4 8
+1 14
cfi=(98)
cfn=(402)
calls=2 0 
* 12
* 4
+11 7
+1 2
cfi=(132)
cfn=(620) __libc_cleanup_pop_restore
calls=1 40 
* 9
+35 14
-54 2
-7 2
+2 2
-2 2
+4 2
-1 2
fi=(120)
942 2
fe=(108)
821 2
fi=(120)
943 4
fe=(108)
842 4
cfi=(98)
cfn=(402)
calls=1 0 
* 6
* 2

fn=(626) _IO_default_setbuf
452 2
fi=(120)
940 2
fe=(108)
452 6
fi=(120)
940 2
fe=(108)
452 2
fi=(120)
940 4
fe=(108)
453 2
fi=(120)
940 2
fe=(108)
452 4
fi=(120)
942 2
+1 4
fe=(108)
453 6
cfi=(109)
cfn=(628) _IO_file_sync@@GLIBC_2.17
calls=2 792 
* 32
* 4
+2 2
+2 2
-2 2
330 2
455 2
+2 4
+1 2
-1 2
330 4
467 2
337 4
466 2
-1 4
333 2
468 8

fn=(516) __overflow
199 6
+2 3
-2 3
+2 3
+1 2
+1 1
fi=(120)
940 5
+2 1
+1 2
fe=(108)
203 2
fi=(120)
940 10
+2 2
+1 4
fe=(108)
203 3
+1 3
-1 3
+1 3
-1 3
cfi=(109)
cfn=(518)
calls=3 731 
* 801

fl=(113)
fn=(476) alloc_perturb
2005 96084
+2 32028

fn=(550) _int_free
4421 160125
+10 32025
-10 96075
+10 32025
+6 32025
-16 96075
+16 128100
+1 64050
+4 128100
+8 320250
-1 32025
+10 32025
-9 32025
-1 32025
+1 64050
+9 32025
-6 32025
+6 128100
+20 160125
+14 96054
+11 128072
+2 128072
2012 96054
4527 96054
+7 32018
-6 32018
+4 32018
+2 64036
-2 32018
+2 32018
+4 64036
+2 96054
+1 32018
+19 128072
4702 416234
3181 14
+4 7
-2 7
-2 7
+2 7
-2 7
+3 7
+1 7
4482 7
cfn=(551) _int_free'2
calls=7 4702 
* 91
3394 7
+1 28

fn=(551)
4702 91

fn=(454)
fi=(106)
197 32025
+1 32025
378 32025
203 64049
378 251450
+3 64048
209 15610
-6 79656
cob=(5)
cfn=(495) insert'2
calls=32023 378 
* 12164259
+3 16414
-3 16414
378 4
cob=(5)
cfn=(495)
calls=1 +14 
* 43
203 2
cob=(5)
cfn=(495)
calls=1 378 
* 38
fi=(110)
-99 8
cfi=(108)
cfn=(480)
calls=2 329 
* 42
+1 2
+1 20
-5 2
+1 2
fe=(113)
3287 32027
+7 32027
-7 96081
+7 32027
-7 32027
+7 32027
1343 32026
3306 128104
1362 32026
3306 32026
-2 96078
+2 32026
-2 64052
+2 32026
+3 128104
+10 96078
fi=(114) ./malloc/./malloc/arena.c
315 1
cfn=(458) ptmalloc_init.part.0
calls=1 -2 
* 1652
fe=(113)
3310 64050
+1 64050
+10 160130
cfn=(466) _int_malloc
calls=32026 3771 
* 5511007

fn=(464) tcache_init.part.0
3235 3
+9 3
-9 1
+9 6
cfi=(98)
cfn=(398)
calls=1 0 
* 6
* 1
+1 3
cfn=(466)
calls=1 3771 
* 412
fi=(119) ./string/../sysdeps/aarch64/memset.S
32 1
+5 1
+1 1
+2 1
+1 1
+43 1
+1 1
+1 1
+1 1
+1 1
+1 1
+2 1
+1 1
+1 1
+1 1
+1 1
+2 1
+1 1
-4 8
+1 8
+2 8
+1 8
+1 1
+1 1
+1 2
+7 1
+1 1
fe=(113)

fn=(466)
3771 96084
1343 64056
+19 256224
3811 32028
1810 32028
4397 32028
3838 96084
+63 6
+62 54
+1 6
3853 160125
-10 32025
+2 32025
+59 160125
cfn=(467) _int_malloc'2
calls=32025 * 
* 4133775
+80 6
-1 2
-1 2
+2 2
-1 2
+1 8
-2 4
4158 2
3994 2
4158 2
-97 2
-73 2
+73 4
-73 4
+6 6
4183 4
+2 6
+3 8
+68 2
+1 2
-1 2
+1 2
+3 2
-1 2
-2 2
+2 2
-1 2
-1 2
+3 2
-3 2
+2 2
+1 2
+5 8
cfn=(467)
calls=2 +4 
* 84
3904 4
cfn=(467)
calls=1 * 
* 365
3245 1
+1 1
+8 3
cfi=(98)
cfn=(402)
calls=1 0 
* 6
* 2
+9 1
+1 3
-1 1
+4 3
-3 1
+83 192162
-26 32027
+1 128108
fi=(114)
162 32027
fe=(113)

fn=(467)
3904 64052
+2 96078
4413 128112
-14 352286
3903 32026
4399 128104
3984 96078
-1 32026
-1 32026
+2 32026
-1 32026
+1 128102
-2 64050
4158 32025
3994 32025
4158 32025
-97 32025
-73 32025
+73 64050
-73 64050
+6 96075
4158 1
3994 1
4158 1
-97 1
-73 1
+73 2
-73 2
+6 3
4183 64052
+73 32026
+1 32026
-1 32026
+1 32026
+3 32026
-1 32026
-2 32026
+2 32026
-1 32026
-1 32026
+3 32026
-3 32026
+2 32026
+1 32026
+5 128104
cfn=(467)
calls=32026 +4 
* 2020428
+7 384308
-3 384315
4369 32028
+3 32028
-2 64056
+2 64056
+3 96084
+17 80
+17 32028
cfn=(476)
calls=32028 2005 
* 128112
* 160140
cfn=(467)
calls=32028 +4 
* 128112
-29 96036
-2 32012
+2 32012
-3 32012
+2 32012
+6 32012
-5 32012
+2 32012
-2 64024
+6 32012
-4 32012
+4 64024
cfn=(467)
calls=32012 +23 
* 448168
+21 48
cfn=(468) sysmalloc
calls=16 2548 
* 3149

fn=(468)
2548 80
+20 16
-20 96
+20 16
-20 48
+20 16
+11 16
+1 96
+26 32
+1 32
+1 16
+9 122
+6 48
+3 64
+61 16
+8 16
-8 16
+9 16
+13 16
-22 32
+9 48
+13 16
+8 80
+8 32
+2 32
cfi=(116) ./malloc/./malloc/morecore.c
cfn=(470) __glibc_morecore
calls=16 26 
* 718
* 16
+1 32
2028 16
2729 16
2028 16
2729 16
2028 48
2730 16
+3 16
+33 16
2610 16
2766 32
cfn=(469) sysmalloc'2
calls=16 -2 
* 869
4407 16
+1 16
+1 32
cfn=(467)
calls=16 * 
* 224

fn=(469)
2941 48
+1 16
+5 32
+3 32
+5 16
-2 16
+2 16
-3 16
+3 16
+1 16
+2 16
-3 16
-1 16
+1 32
+3 16
-2 16
+2 16
cfn=(469)
calls=16 +6 
* 208
+6 208
2764 48
+2 16
+6 32
-6 48
+6 16
+1 30
2946 15
2773 30
cfn=(469)
calls=15 2941 
* 525
+2 5
+34 1
+6 2
+22 1
+1 1
-1 1
+1 4
+2 2
+1 2
cfi=(116)
cfn=(470)
calls=1 26 
* 31
* 1
+12 1
2028 5
2897 4
-2 1
+1 3
-1 1
+1 1
+1 1
+11 1
2765 2
cfn=(469)
calls=1 +1 
* 114
-35 3
cfn=(469)
calls=1 2837 
* 96

fn=(546) free
fi=(106)
360 1
-2 1
+1 2
cob=(5)
cfn=(543) deletetree'2
calls=1 -1 
* 2286065
+1 6
cob=(5)
cfn=(543)
calls=3 -2 
* 2160964
fe=(113)
3356 4
-4 4
+14 4
-14 8
+12 12
+4 4
-16 4
+12 4
+4 4
+17 20
fi=(114)
162 16
cfi=(113)
cfn=(547) free'2
calls=4 3391 
* 396
fe=(113)

fn=(547)
fi=(106)
360 2
cob=(5)
cfn=(543)
calls=1 -2 
* 1140453
+1 2
cfi=(113)
cfn=(547)
calls=1 3356 
* 275
* 4
* 2
cfi=(113)
cfn=(547)
calls=1 3356 
* 143
* 4
190 17
360 1152
cob=(5)
cfn=(543)
calls=576 -2 
* 9376039
+1 1282
cfi=(113)
cfn=(547)
calls=641 3356 
* 11267061
* 2564
-1 896
-2 896
+1 1632
cob=(5)
cfn=(543)
calls=816 -1 
* 10949636
+1 1632
cob=(5)
cfn=(543)
calls=816 -2 
* 10337211
+1 1632
cfi=(113)
cfn=(547)
calls=816 3356 
* 10130731
* 3264
* 1958
cfi=(113)
cfn=(547)
calls=979 3356 
* 10221854
* 3916
-1 1702
-2 1702
+1 1423
-1 1423
+1 1776
cob=(5)
cfn=(543)
calls=888 -1 
* 9374680
+1 1776
cob=(5)
cfn=(543)
calls=888 -2 
* 8708151
+1 1776
cfi=(113)
cfn=(547)
calls=888 3356 
* 8657678
* 3552
-1 1423
-2 1423
+1 1792
cob=(5)
cfn=(543)
calls=896 -1 
* 7966861
+1 1792
cob=(5)
cfn=(543)
calls=896 -2 
* 7372001
+1 1792
cfi=(113)
cfn=(547)
calls=896 3356 
* 7296327
* 3584
* 2846
cfi=(113)
cfn=(547)
calls=1423 3356 
* 7543249
* 5692
* 4070
cfi=(113)
cfn=(547)
calls=2035 3356 
* 7596425
* 8140
-1 4462
-2 4462
+1 3547
-1 3547
+1 1711
-1 1711
+1 1752
cob=(5)
cfn=(543)
calls=876 -1 
* 6588414
+1 1752
cob=(5)
cfn=(543)
calls=876 -2 
* 5831255
+1 1752
cfi=(113)
cfn=(547)
calls=876 3356 
* 5415302
* 3504
-1 1711
-2 1711
+1 1744
cob=(5)
cfn=(543)
calls=872 -1 
* 4962578
+1 1744
cob=(5)
cfn=(543)
calls=872 -2 
* 4217605
+1 1744
cfi=(113)
cfn=(547)
calls=872 3356 
* 3807344
* 3488
* 3422
cfi=(113)
cfn=(547)
calls=1711 3356 
* 4032508
* 6844
-1 3547
-2 3547
+1 1737
-1 1737
+1 1758
cob=(5)
cfn=(543)
calls=879 -1 
* 3408919
+1 1758
cob=(5)
cfn=(543)
calls=879 -2 
* 2602145
+1 1758
cfi=(113)
cfn=(547)
calls=879 3356 
* 1959846
* 3516
-1 1737
-2 1737
+1 1778
cob=(5)
cfn=(543)
calls=889 -1 
* 1731025
+1 1778
cob=(5)
cfn=(543)
calls=889 -2 
* 1018871
+1 1778
cfi=(113)
cfn=(547)
calls=889 3356 
* 351155
* 3556
* 3474
cfi=(113)
cfn=(547)
calls=1737 3356 
* 456831
* 6948
* 7094
cfi=(113)
cfn=(547)
calls=3547 3356 
* 464657
* 14188
* 5338
+3 16014
-3 5338
fe=(113)
3356 32021
-4 32021
+14 32021
-14 64042
+12 96063
+4 32021
-16 32021
+12 32021
+4 32021
+17 160105
fi=(114)
162 32021
fe=(113)
3391 64050
cfn=(550)
calls=32025 4421 
* 3138317
+3 32018
+1 128072
fi=(114)
162 96063
cfi=(113)
cfn=(547)
calls=32021 3391 
* 3362061
fe=(113)

fl=(111) ./io/../sysdeps/unix/sysv/linux/fstat64.c
fn=(448) fstat
29 2
+1 2
+5 8
cfi=(112) ./io/../sysdeps/unix/sysv/linux/fstatat64.c
cfn=(450) fstatat
calls=2 +63 
* 16

fl=(125)
fn=(556)
149 3
+1 2
-1 1
+1 3
+18 4

fl=(105)
fn=(426)
28 4
+2 1
-1 1
+5 4

fl=(128)
fn=(562)
368 2
cfn=(564) __pthread_mutex_unlock_usercnt
calls=1 48 
* 1150

fn=(564)
fi=(126)
113 2
+2 1
+2 2
+6 1
-3 2
+3 1
+4 3
+12 1
-1 1
+2 1
-2 1
+2 1
+1 1
-3 1
+3 3
+1 2
cob=(5)
cfi=(100) ???
cfn=(566) 0x0000000000000ec0
calls=1 0 
* 1075
fe=(128)
-94 1
+3 1
-3 2
+3 2
+1 1
-1 1
+1 1
+5 3
+17 2
+6 4
+4 6
+3 5
cfn=(565) __pthread_mutex_unlock_usercnt'2
calls=1 -25 
* 22

fn=(565)
62 2
+1 1
-24 1
+1 6
+30 1
+2 1
+32 4
-39 4
cfn=(565)
calls=1 -26 
* 15
-24 2
cfn=(565)
calls=1 +29 
* 6

fl=(120)
fn=(482)
940 2
+2 1
-2 1
fi=(109)
505 2
cfi=(108)
cfn=(484)
calls=1 164 
* 24
+11 1
-5 1
fe=(120)
942 1
fi=(109)
512 1
+1 1
+1 1
fe=(120)
943 2
fi=(109)
516 5
cfn=(486) _IO_file_read
calls=1 1133 
* 24
+2 2
+7 1
+9 1
-9 2
+9 2
+2 4
+1 3
fe=(120)

fl=(76) ./string/../sysdeps/aarch64/multiarch/memset.c
fn=(290) memset
39 18

fl=(96)
fn=(376)
61 1
+2 1
+1 1
+1 1
+1 1
+1 1
+1 1
+2 1
+1 1
+1 1
+1 1
+1 1
+1 1
+1 1
+1 1
+1 1
+1 1
+1 1
+1 1
+1 1
+1 1
+1 3
+4 1
+1 1
+1 1
+1 1
+1 1
+1 1
+2 1
+1 1
+1 1
+1 1
+1 1
+1 1
+1 1
+3 1
+1 1
+1 1
+1 1
+1 1
+1 1
+1 1
+1 1

fl=(116)
fn=(470)
26 51
-1 34
+4 17
cfi=(117) ./misc/./misc/sbrk.c
cfn=(472) sbrk
calls=17 +8 
* 579
+1 34
+4 34

fl=(74) ./string/../sysdeps/aarch64/multiarch/memchr.c
fn=(282) memchr
34 9

fl=(86) ./resource/../sysdeps/unix/sysv/linux/getrlimit64.c
fn=(322) getrlimit
39 8
+1 1

fl=(102) ./stdlib/./stdlib/cxa_atexit.c
fn=(396) __internal_atexit
fi=(101) ./csu/../csu/libc-start.c
369 5
+6 3
-3 1
128 3
+6 2
+1 7
cob=(2) ???
cfi=(44) ???
cfn=(404) 0x0000000000108808
calls=1 0 
* 10
+3 1
+1 1
+3 1
+1 1
-1 1
+1 1
-1 1
+1 1
+1 6
cfn=(393) __libc_start_main@@GLIBC_2.34'2
calls=1 +1 
* 194818116
fe=(102)
36 5
+5 1
+2 10
cfi=(98)
cfn=(398)
calls=1 -43 
* 6
* 1
+1 2
cfn=(400) __new_exitfn
calls=1 +38 
* 60

fn=(394) __cxa_atexit
70 3
cfn=(396)
calls=1 -34 
* 194818246

fn=(400)
82 1
+6 1
-6 3
+6 2
+5 3
-10 2
+12 1
+1 1
-1 1
-2 1
+10 1
-10 2
+32 1
-1 1
+1 2
cfn=(401) __new_exitfn'2
calls=1 +14 
* 9
-81 1
+2 1
+7 1
+5 1
+1 1
-2 1
+2 1
-6 1
+6 1
+1 1
-7 2
+2 1
+4 1
cfi=(98)
cfn=(402)
calls=1 -59 
* 6
* 2
+2 6

fn=(401)
139 1
-1 2
+1 1
+4 1
-4 1
+4 1
-4 1
+4 1

fl=(114)
fn=(458)
313 2
+5 1
-5 3
+5 1
-5 1
+5 1
fi=(113)
3162 1
fe=(114)
313 3
fi=(113)
3162 3
fe=(114)
318 1
fi=(113)
3162 1
cfi=(115)
cfn=(460)
calls=1 28 
* 20
* 2
fe=(114)
343 3
+4 8
fi=(113)
1969 1
-3 3
+3 126
-3 378
+11 2
+1 1
-1 1
+1 2
+2 1
fe=(114)
352 4
fi=(113)
1980 1
fe=(114)
352 1
cob=(1)
cfi=(10)
cfn=(26)
calls=12 +53 
* 286
* 117
fi=(113)
3306 4
1362 1
3306 1
-2 3
+2 1
-2 2
+2 1
+13 3
1343 1
3241 3
cfn=(464)
calls=1 -6 
* 491
+68 4
+12 5
cfn=(466)
calls=1 3771 
* 157
fe=(114)

fl=(101)
fn=(392) __libc_start_main@@GLIBC_2.34
242 11
343 2
+1 3
cfi=(102)
cfn=(394)
calls=1 70 
* 194818249

fn=(393)
382 3
cfi=(103)
cfn=(420)
calls=1 29 
* 194817324
cob=(1)
cfi=(89)
cfn=(332)
calls=1 38 
* 755
* 14
145 5
cob=(5)
cfi=(100)
cfn=(410) 0x0000000000000f10
calls=1 0 
* 11
-1 4
cfn=(393)
calls=1 382 
* 194818096

fl=(121) ./io/../sysdeps/unix/sysv/linux/read.c
fn=(488) read
25 147
+1 98
-1 49
+1 441
+1 245

fl=(117)
fn=(472)
37 17
+6 17
-6 34
+3 17
+3 17
-3 17
-3 34
+3 17
+3 17
+20 2
+15 85
-20 17
+1 2
cfi=(118)
cfn=(474)
calls=1 -24 
* 10
* 1
+4 1
-1 34
+4 48
+8 16
cfi=(118)
cfn=(474)
calls=16 -39 
* 160
* 16

fl=(75) ./string/../sysdeps/aarch64/multiarch/strlen.c
fn=(284) strlen
34 10

fl=(84)
fn=(318) __libc_early_init
fi=(2) ./elf/./elf/rtld.c
2523 1
cob=(1)
cfi=(9) ./elf/../elf/dl-sysdep.c
cfn=(338) _dl_sysdep_start_cleanup
calls=1 263 
* 1
+4 3
cob=(1)
cfi=(42)
cfn=(340)
calls=1 44 
* 11
+5 2
cob=(1)
cfi=(39) ./elf/./elf/dl-debug.c
cfn=(166) _dl_debug_update
calls=1 38 
* 7
+1 1
-1 1
+2 1
cob=(1)
cfi=(39)
cfn=(128) _dl_debug_state
calls=1 117 
* 1
+1 1
+4 1
cob=(1)
cfi=(62) ./elf/./elf/dl-cache.c
cfn=(342) _dl_unload_cache
calls=1 537 
* 22
+5 9
fe=(84)
33 9
+2 1
cfi=(85) ./ctype/./ctype/ctype-info.c
cfn=(320) __ctype_init
calls=1 -4 
* 20
+3 1
+3 1
fi=(87) ./elf/../sysdeps/nptl/pthread_early_init.h
-8 2
fe=(84)
+5 1
+3 1
-3 1
fi=(87)
-5 1
cfi=(86)
cfn=(322)
calls=1 +6 
* 9
* 2
+1 3
+4 3
+7 1
+8 2
-8 1
fi=(134) ./elf/../nptl/nptl-stack.h
+13 1
fi=(87)
-13 1
+9 1
-8 1
+6 1
fi=(134)
+6 1
fi=(87)
-6 1
fi=(134)
+6 2
fi=(87)
-12 1
+6 4
+1 1
-1 1
+5 1
cfi=(88)
cfn=(326)
calls=1 -7 
* 861
fe=(84)

fl=(94) ./csu/./csu/init-first.c
fn=(372) _init_first
46 1
+5 1
-5 1
+5 1
-5 3
+5 1
+4 8
+8 1
-2 2
+10 1
-8 1
-2 1
+1 1
+9 1
+1 1
-9 1
+9 1
-1 1
cfi=(95)
cfn=(374)
calls=1 -40 
* 67

fl=(132)
fn=(620)
40 2
+4 2
-2 6
+2 2
+1 4
+2 2

fn=(616)
25 2
+2 6
+3 4
+3 2
-2 2
+3 2

fl=(109)
fn=(534) new_do_write
431 12
+2 3
-2 3
fi=(120)
942 3
-2 3
fe=(109)
431 3
fi=(120)
942 3
-2 3
fe=(109)
431 6
fi=(120)
940 3
fe=(109)
443 3
-10 3
fi=(120)
942 3
+1 6
fe=(109)
448 15
cfn=(538) _IO_file_write@@GLIBC_2.17
calls=3 1173 
* 141
* 3
+1 12
+6 3
-4 6
+1 6
+3 6
-1 12
+1 6
cfn=(535) new_do_write'2
calls=3 -2 
* 21
-15 12
-15 6
+1 9

fn=(535)
453 3
+4 18

fn=(624)
381 8
+1 2
cfi=(108)
cfn=(626)
calls=2 +70 
* 118
* 2
+7 2
-3 2
+1 2
-2 2
+1 2
+4 6

fn=(440)
461 268
+4 134
+3 49
+6 147
+3 196
+12 240
fi=(120)
940 96
+2 48
-2 48
fe=(109)
505 96
cfi=(108)
cfn=(484)
calls=48 164 
* 1152
+11 48
-5 48
fi=(120)
942 48
fe=(109)
512 48
+1 48
+1 48
fi=(120)
943 96
fe=(109)
516 240
cfn=(486)
calls=48 1133 
* 1152
+2 96
+7 47
+9 47
-9 94
+9 94
+2 188
+1 141
-16 1
+10 1
+1 3
-1 1
-10 3
+2 1
+14 3
-57 2
+5 2
cfi=(108)
cfn=(442)
calls=1 343 
* 2450
-19 36
cfn=(441) _IO_file_underflow@@GLIBC_2.17'2
calls=18 +71 
* 54
fi=(108)
363 38
+2 4
+1 57
fe=(109)

fn=(441)
537 54

fn=(532) _IO_do_write@@GLIBC_2.17
425 3
-2 12
+2 3
cfn=(534)
calls=3 +6 
* 315
778 4
+2 4
cfn=(519)
calls=2 * 
* 24
fi=(108)
-83 1
+1 1
+3 3
+6 2
+2 2
-14 2
+16 4
-16 2
+20 6
+1 2
cfi=(132)
cfn=(620)
calls=1 40 
* 9
+4 14
-19 3
+14 4
cfi=(98)
cfn=(402)
calls=1 0 
* 6
* 2
fe=(109)

fn=(518)
fi=(107) /usr/include/aarch64-linux-gnu/bits/stdio.h
110 3
cob=(5)
cfi=(106)
cfn=(511) printstring'2
calls=3 453 
* 135
fe=(109)
731 16
+1 8
+7 15
+37 3
-2 6
+3 6
-35 1
+33 2
+12 1
-12 1
+12 1
-12 1
cfn=(532)
calls=1 425 
* 174
+3 14
cfn=(532)
calls=2 425 
* 254
-34 2
cfi=(108)
cfn=(442)
calls=1 343 
* 351

fn=(519)
774 2
+3 3
+3 9
+1 6
+1 9
+4 3
+1 9
-33 1
+9 3
+5 1
+2 1
+1 1
-1 1
-2 1
-2 1
+1 1
+4 5

fn=(538)
1173 12
+2 18
+5 15
cfi=(123)
cfn=(540)
calls=3 25 
* 60
+1 3
+5 3
+1 3
-12 6
+14 6
+1 6
+3 9

fn=(628)
792 4
+5 2
-5 4
+5 4
+2 2
+1 4
+11 6
+4 6

fn=(486)
1133 196
cfi=(121)
cfn=(488)
calls=49 25 
* 980

fn=(446)
1147 4
cfi=(111)
cfn=(448)
calls=2 29 
* 28

fl=(112)
fn=(450)
98 8
+70 6
+1 2

fl=(85)
fn=(320)
31 5
+2 2
+2 2
-4 2
+2 1
+2 3
-4 1
+2 1
-2 1
+2 1
+3 1

fl=(119)
fn=(478) __GI_memset
32 10
+5 10
+1 10
+2 10
+1 10
+43 10
+1 10
+1 10
+1 10
+1 10
+1 10
+2 10
+1 10
+1 10
+1 10
+1 10
+2 10
+1 10
-4 70
+1 70
+2 70
+1 70
+1 10
+1 10
+1 20
+7 10
+1 10

ob=(4) /usr/libexec/valgrind/vgpreload_core-arm64-linux.so
fl=(92) ???
fn=(608) 0x0000000000000634
0 5

fn=(604) 0x0000000000000590
0 7
cfn=(608)
calls=1 0 
0 5

fn=(354) 0x0000000000000570
0 4

fn=(362) 0x00000000000005c0
0 10

fn=(592) 0x0000000000000600
0 12
cfn=(604)
calls=1 0 
0 12
cob=(1)
cfi=(89)
cfn=(332)
calls=1 38 
0 741
0 10
fi=(126)
115 2
+2 4
+6 2
-3 4
+3 2
+18 3
+5 2
+1 4
cob=(2)
cfi=(44)
cfn=(610) 0x00000000048407fc
calls=1 0 
* 5
+6 6
cob=(1)
cfi=(42)
cfn=(590) _dl_audit_objclose
calls=3 -57 
* 33
+5 3
-45 3
+45 6
-45 6
+49 3
cob=(1)
cfi=(42)
cfn=(340)
calls=1 44 
* 11
51 6
+73 4
fe=(92)

fn=(360) 0x0000000000000650
0 1
cfn=(362)
calls=1 0 
0 10

ob=(5)
fl=(100)
fn=(566)
0 12
cfn=(582) 0x0000000000000e50
calls=1 0 
0 12
cob=(3)
cfi=(129)
cfn=(574)
calls=1 30 
0 107
0 5
fi=(126)
115 1
+2 2
+6 1
-3 2
+3 1
+4 3
+12 1
-1 1
+2 1
-2 1
+2 1
+1 1
-3 1
+3 3
+1 2
cob=(4)
cfi=(92)
cfn=(592)
calls=1 0 
* 884
-1 3
+5 2
+1 4
cob=(2)
cfi=(44)
cfn=(588) 0x000000000010a070
calls=1 0 
* 5
+6 2
cob=(1)
cfi=(42)
cfn=(590)
calls=1 -57 
* 11
+5 1
-45 1
+45 2
-45 2
fe=(100)

fn=(586) 0x0000000000000ef4
0 5

fn=(406) call_weak_fn
0 4

fn=(412) 0x0000000000000e80
0 10

fn=(388) (below main)
0 12
cob=(3)
cfi=(101)
cfn=(392)
calls=1 242 
0 194818265
0 4

fn=(410)
0 1
cfn=(412)
calls=1 0 
0 10

fn=(582)
0 7
cfn=(586)
calls=1 0 
0 5

fl=(107)
fn=(526) printnumber
110 36
fi=(106)
464 72
fe=(107)
110 36
fi=(106)
464 36
fe=(107)
110 36
fi=(106)
464 72
fe=(107)
110 36
fi=(106)
464 108
fe=(107)
110 180
fi=(106)
466 108
fe=(107)

fl=(106)
fn=(494) insert
128 1
+47 1
-47 2
cfn=(431)
calls=1 438 
* 109
+1 3
cfn=(495)
calls=1 +65 
* 194811555
cob=(3)
cfi=(122)
cfn=(492)
calls=1 -97 
* 12
* 17
+65 7
+3 3
cob=(3)
cfi=(113)
cfn=(454)
calls=1 3287 
* 254
* 4

fn=(495)
233 32024
+2 160120
+36 40294
cfn=(499) insertfixup'2
calls=20146 -35 
* 3672826799045
cfn=(498) insertfixup
calls=1 -35 
* 194810809
+8 11877
cfn=(429) main'2
calls=11877 128 
* 2165367626694
-85 224168
+3 96072
cob=(3)
cfi=(113)
cfn=(454)
calls=32024 3287 
* 19495608
* 128096
378 7538010
+3 823054
209 204766
-6 963774
cfn=(495)
calls=379504 378 
* 96503155
+3 206761
-3 206761
378 128096
cfn=(495)
calls=32024 +14 
* 2093075
+14 320250
+1 320250
-1 32025
+1 64050
216 32025
+1 32025
-3 32025
+1 32025
+1 32025
+2 32025
378 908196
+3 64048
224 15896
+2 15896
+3 47688
-3 15896
-4 16128
+4 16128
+3 48384
-3 16128
+3 5

fn=(524) printnumber
128 3
cfn=(431)
calls=1 438 
* 109
+1 3
cfn=(507) find'2
calls=1 328 
* 163225361
cob=(3)
cfi=(122)
cfn=(492)
calls=1 -97 
* 12
* 13
fi=(107)
-19 10
fe=(106)
+51 1
460 1
-2 1
+2 1
-2 1
+2 1
-2 1
+2 1
-2 1
+2 1
+1 2
+1 1
cfn=(525) printnumber'2
calls=1 -2 
* 85

fn=(525)
128 60
cfn=(431)
calls=20 438 
* 2532
+1 60
cfn=(521) filterwords'2
calls=2 585 
* 272766192
cfn=(507)
calls=18 328 
* 1315068273
cob=(3)
cfi=(122)
cfn=(492)
calls=20 -97 
* 240
* 266
fi=(107)
-19 200
fe=(106)
+51 20
460 149
-2 149
+2 149
-2 149
+2 149
-2 149
+2 149
-2 149
+2 149
+1 298
fi=(107)
110 114
fe=(106)
464 228
fi=(107)
110 114
fe=(106)
464 114
fi=(107)
110 114
fe=(106)
464 228
fi=(107)
110 114
fe=(106)
464 342
fi=(107)
110 570
fe=(106)
466 342
-4 35
cfn=(525)
calls=35 -2 
* 2006
* 36
cfi=(107)
cfn=(526)
calls=36 110 
* 720

fn=(500) resettree
350 1
-1 5
+3 1
-3 1
+2 1
-1 1
+1 14
-1 44
+1 15
-1 15
+1 91
-1 91
+1 447
-1 447
+1 1319
-1 1319
+1 2861
-1 2861
+1 4747
-1 4747
+1 6127
-1 6127
+1 6181
-1 6181
+1 9930
cfn=(501) resettree'2
calls=4965 -1 
* 62571
+1 4965
+1 4965
-3 4965
+2 6181
+1 6181
-3 6181
+2 6127
+1 6127
-3 6127
+2 4747
+1 4747
-3 4747
+2 2861
+1 2861
-3 2861
+2 1319
+1 1319
-3 1319
+2 447
+1 447
-3 447
+2 106
+1 106
-3 136
+2 15
+1 15
-3 15
+6 5
cfn=(429)
calls=1 137 
* 169015257

fn=(501)
350 49659
-1 101240
+3 20248
-3 20248
+2 20248
-1 20248
+1 10976
-1 32398
+1 10711
-1 10711
+1 4802
-1 4802
+1 9247
-1 9247
+1 13144
-1 13144
+1 25929
-1 25929
+1 42742
-1 42742
+1 55149
-1 55149
+1 55632
-1 55632
+1 89370
cfn=(501)
calls=44685 -1 
* 563337
+1 44685
+1 44685
-3 44685
+2 55632
+1 55632
-3 55632
+2 55149
+1 55149
-3 55149
+2 42742
+1 42742
-3 42742
+2 25929
+1 25929
-3 25929
+2 13144
+1 13144
-3 13144
+2 9247
+1 9247
-3 9247
+2 15513
+1 15513
-3 36935
+2 10711
+1 10711
-3 10711
+2 20513
+1 20513
-3 20513
+6 101240
cfn=(429)
calls=9 137 
* 779491900
* 29411

fn=(428)
93 2
+17 1
-17 7
+17 2
-17 4
+17 1
cfn=(430) readstr
calls=1 438 
* 194814782
fi=(103)
-36 1
cob=(3)
cfi=(124)
cfn=(552)
calls=1 +68 
* 2462
fe=(106)

fn=(429)
128 171
cfn=(431)
calls=57 438 
* 107540958
+1 165
cfn=(495)
calls=2 +65 
* 68042931
cfn=(521)
calls=2 585 
* 176352376
cfn=(501)
calls=9 350 
* 781260544
cfn=(507)
calls=31 328 
* 2701923101
cfn=(506) find
calls=1 328 
* 169014683
cfn=(429)
calls=10 392 
* 948504557
cob=(3)
cfi=(122)
cfn=(492)
calls=55 -97 
* 660
* 749
-1 32024
+47 32024
-47 64048
cfn=(431)
calls=32024 438 
* 8394168146
+1 95934
cfn=(429)
calls=2 -1 
* 68021130
cfn=(500)
calls=1 350 
* 169211741
cfn=(495)
calls=31975 +65 
* 5829755902302
cob=(3)
cfi=(122)
cfn=(492)
calls=31978 -97 
* 383736
* 543626
392 100
+1 100
-1 10
+1 20
179 20
416 10
179 30
405 10
-1 20
+1 40
-1 80
+4 50
-1 100
+4 50
-1 100
+6 54
180 18
-1 18
+1 72
-1 18
+1 32
-1 32
+1 128
-1 32
+3 30
cfn=(431)
calls=10 438 
* 562
368 10
+2 80
+1 20
-1 47
+1 14
-1 28
184 20
cfn=(429)
calls=10 -56 
* 948502602
-30 131
+1 714
cfn=(509) verifyattempt'2
calls=118 479 
* 9887483127
cfn=(508) verifyattempt
calls=1 479 
* 169014294
-18 10
-2 10
+2 10
cfn=(503) resethistory'2
calls=9 543 
* 779491873
cfn=(502) resethistory
calls=1 543 
* 169015254
+34 24
cfn=(510) printstring
calls=12 451 
* 1356
* 12
cfn=(429)
calls=12 -43 
* 1056660300

fn=(530) printtree
141 1
cfn=(429)
calls=1 -13 
* 159275659
340 1
-1 5
+2 1
-1 4
+1 1
-1 1
+1 2
-1 2
+1 15
-1 15
+1 82
-1 82
+1 269
-1 269
+1 554
-1 554
+1 859
-1 859
+1 1818
cfn=(531) printtree'2
calls=909 -1 
* 16718
+1 2727
+3 909
-5 909
+2 2577
+3 859
-5 859
+2 1662
+3 553
-5 553
+2 804
+3 268
-5 268
+2 243
+3 81
-5 81
+2 42
+3 14
-5 14
+2 3
+3 1
-5 1
+3 2
cfn=(510)
calls=1 451 
* 68
* 1
cfn=(531)
calls=1 +2 
* 221017

fn=(531)
141 9
cfn=(429)
calls=9 -13 
* 817980699
340 54625
-1 111360
+2 22272
-1 22272
+1 12089
-1 47480
+1 11797
-1 11797
+1 5382
-1 5382
+1 10662
-1 10662
+1 15894
-1 15894
+1 31587
-1 31587
+1 51968
-1 51968
+1 66849
-1 66849
+1 67135
-1 67135
+1 107410
cfn=(531)
calls=53705 -1 
* 32819040
+1 161118
+1 426
cfn=(511)
calls=114 451 
* 7752
cfn=(510)
calls=99 451 
* 184344
+2 53705
-5 53705
+2 201405
+3 67135
-5 67135
+2 200547
+3 66850
-5 66850
+2 155907
+3 51969
-5 51969
+2 94764
+3 31588
-5 31588
+2 47685
+3 15895
-5 15895
+2 31989
+3 10663
-5 10663
+2 51540
+3 17180
-5 52574
+2 103086
+3 34362
-5 34362
+8 89092
-5 434
cfn=(511)
calls=94 451 
* 40032
cfn=(510)
calls=123 451 
* 8364
* 216
cfn=(531)
calls=216 +2 
* 35968712
* 568
cfn=(511)
calls=140 451 
* 9520
cfn=(510)
calls=144 451 
* 9792
* 284
cfn=(531)
calls=284 +2 
* 49850182
* 594
cfn=(511)
calls=146 451 
* 9928
cfn=(510)
calls=151 451 
* 10268
* 297
cfn=(531)
calls=297 +2 
* 48305725
* 270
cfn=(511)
calls=63 451 
* 4284
cfn=(510)
calls=72 451 
* 4896
* 135
cfn=(531)
calls=135 +2 
* 19609853
* 156
cfn=(511)
calls=31 451 
* 2108
cfn=(510)
calls=47 451 
* 3196
* 78
cfn=(531)
calls=78 +2 
* 10888371
* 90
cfn=(511)
calls=18 451 
* 1224
cfn=(510)
calls=27 451 
* 1836
* 45
cfn=(531)
calls=45 +2 
* 2748899
* 130
cfn=(511)
calls=35 451 
* 2380
cfn=(510)
calls=30 451 
* 2040
* 65
cfn=(531)
calls=65 +2 
* 371114
* 316
cfn=(511)
calls=81 451 
* 5508
cfn=(510)
calls=77 451 
* 5236
* 158
cfn=(531)
calls=158 +2 
* 83746
* 32353

fn=(510)
451 3628
+2 4535
fi=(107)
110 32816
fe=(106)
453 10019
fi=(107)
110 8145
fe=(106)
457 2715
fi=(107)
110 2
cob=(3)
cfi=(108)
cfn=(516)
calls=2 +89 
* 639
* 8
fe=(106)
341 2
cfn=(531)
calls=1 -1 
* 177435
+4 1
-5 1
540 1
+2 10

fn=(511)
451 2888
+2 3610
fi=(107)
110 26032
fe=(106)
453 7960
fi=(107)
110 6516
fe=(106)
457 2172
fi=(107)
110 1
cob=(3)
cfi=(108)
cfn=(516)
calls=1 +89 
* 221
* 4
fe=(106)
343 1
cfn=(531)
calls=1 +2 
* 33466

fn=(520) filterwords
157 1
+2 1
cfn=(524)
calls=1 460 
* 163225609
585 3
+2 6
+1 1
-2 1
+2 2
+1 3
cfn=(522) checkcompatiblity
calls=1 -31 
* 5787070

fn=(521)
128 264
cfn=(431)
calls=88 438 
* 11208
+1 264
cfn=(429)
calls=2 -1 
* 68043219
cfn=(521)
calls=7 585 
* 640052591
cfn=(507)
calls=79 328 
* 6660889498
cob=(3)
cfi=(122)
cfn=(492)
calls=88 -97 
* 1056
* 1177
+12 22
cfn=(531)
calls=10 340 
* 820652672
cfn=(530)
calls=1 340 
* 159532287
* 1
cfn=(429)
calls=1 -13 
* 99938836
+16 113
+2 113
cfn=(525)
calls=113 460 
* 1587842468
fi=(107)
-49 930
fe=(106)
+51 93
+1 5
+1 5
-1 10
cfn=(510)
calls=5 451 
* 205
+1 5
cfn=(429)
calls=5 -35 
* 406823346
585 12001902
+2 15983544
+1 1995569
-2 1995569
+2 5994647
-2 2003509
+2 4007018
+5 11965329
cfn=(521)
calls=3988443 -8 
* 1631559421
* 11980983
-6 5983813
+9 15980868
-7 992049
cfn=(522)
calls=2737 -31 
* 73991702
cfn=(523) checkcompatiblity'2
calls=327946 -31 
* 988799423

fn=(522)
558 10952
+7 5476
+1 2738
-8 8214
+7 21904
+1 5476
416 2738
568 5476
cfn=(523)
calls=2738 405 
* 516456
+20 245
-2 245
+2 490
+5 1935
cfn=(521)
calls=645 -8 
* 10354680
* 1650
-6 855
+9 1220
-7 24
cfn=(523)
calls=8 -31 
* 19177
* 2738
+1 2738
+1 4660
cfn=(521)
calls=2330 +2 
* 68808685

fn=(523)
558 1315116
+7 657558
+1 328779
-8 986337
+7 2630232
+1 657558
416 328779
568 657558
cfn=(523)
calls=328779 405 
* 59198830
-2 2864913
405 1179322
-1 2358644
+4 1179322
-1 2358644
+4 1179322
-1 2358644
+6 1775655
568 4717288
+4 1087478
-1 2174956
+1 1087478
-1 2174956
+1 1087478
+1 1087478
-4 320048
+15 3090819
-5 107166
414 214332
cfn=(523)
calls=107166 579 
* 28371534
579 3528131
-1 8721072
+1 15039202
cfn=(523)
calls=25597 -10 
* 255970
+4 22938
cfn=(523)
calls=11469 +1 
* 103221
+5 1186
-2 1186
+2 2372
+5 34266
cfn=(521)
calls=11422 -8 
* 45015177
* 18897
-6 11412
+9 20452
-7 2475
cfn=(523)
calls=825 -31 
* 520446
* 328779
+1 328779
+1 635436
cfn=(521)
calls=317718 +2 
* 875657436

fn=(508)
156 2
+2 3
cfn=(520)
calls=1 585 
* 169012697
479 1
+12 1
-12 1
+12 1
+1 1
+1 1
-14 2
+12 1
-12 1
+12 1
-12 3
+12 2
-9 1
+9 8
+1 1
-1 3
+2 1
-1 2
+1 1
-1 5
-1 1
+1 1
+4 10
cfn=(509)
calls=1 +1 
* 1542

fn=(509)
156 236
+11 10
cfn=(429)
calls=5 -39 
* 378889127
-9 339
cfn=(521)
calls=113 585 
* 9508459176
479 118
+12 118
-12 118
+12 118
+1 118
+1 118
-14 236
+12 118
-12 118
+12 118
-12 354
+12 236
-9 118
+9 944
+1 118
-1 354
+2 118
-1 236
+1 118
-1 590
-1 118
+1 118
+4 1180
cfn=(509)
calls=118 +1 
* 128339
+8 576
-1 288
-7 864
+1 2975
+1 307
-93 307
+94 921
+1 307
-96 614
+4 307
-1 614
+4 307
-1 614
+6 324
+84 432
-4 432
+4 796
-4 796
+11 238
-91 114
516 114
+8 114
-4 114
-9 114
+1 114
cfn=(509)
calls=114 +1 
* 116898
+5 576
+1 288
-2 288
+1 288
+1 288
-1 576
+1 576
+1 288
+2 77
-1 77
+1 154
-9 1152
+1 570
405 570
513 570
404 1140
+4 570
-1 1140
+4 570
-1 1140
+6 690
+98 1710
+15 1128
-17 1470
+21 14592
+1 33960
+1 45
+1 135
-4 135
+4 20241
-4 21753
+7 114
cfn=(510)
calls=114 -88 
* 8151
+1 113
+2 1180
-18 211
+1 422
cfn=(509)
calls=211 -13 
* 201285
-17 15
cfn=(510)
calls=5 -57 
* 205
+1 10
cfn=(509)
calls=5 +33 
* 50

fn=(430)
370 6
-2 1
+2 1
+1 2
-1 4
114 2
-1 2
+3 1
+1 1
-5 1
+5 11
+1 1
-1 1
+1 11
+2 1
-2 1
+2 12
+1 2
-1 1
+1 8
+3 3
-3 1
+2 1
-1 1
+2 7
+47 1
-45 1
+45 1
-47 1
+1 1
-17 2
+63 4
-43 3
cfn=(431)
calls=1 438 
* 109
+1 3
cfn=(494)
calls=1 +65 
* 194811968
cob=(3)
cfi=(122)
cfn=(492)
calls=1 -97 
* 12
* 17
438 3
fi=(107)
75 1
fe=(106)
438 2
fi=(107)
75 1
fe=(106)
438 2
fi=(107)
75 5
cob=(3)
cfi=(108)
cfn=(436)
calls=1 299 
* 2558
* 4
fe=(106)

fn=(431)
129 6
cfn=(542) deletetree
calls=1 358 
* 4447592
cfn=(507)
calls=1 328 
* 103083643
cob=(3)
cfi=(122)
cfn=(492)
calls=2 -97 
* 24
* 21
* 138
cfn=(495)
calls=46 +65 
* 8390668019
cob=(3)
cfi=(122)
cfn=(492)
calls=46 -97 
* 552
* 782
438 96606
fi=(107)
75 32202
fe=(106)
438 64404
fi=(107)
75 32202
fe=(106)
438 64404
fi=(107)
75 225366
fe=(106)
443 96609
fi=(107)
75 64406
fe=(106)
443 32203
+1 32203
+1 32203
fi=(107)
75 161015
fe=(106)
444 129043
+1 129043
fi=(107)
75 967607
fe=(106)
443 1128722
+5 64406
+2 161015
fi=(107)
75 50
cob=(3)
cfi=(108)
cfn=(437)
calls=17 299 
* 13226
cfi=(106)
cfn=(431)
calls=32 443 
* 1520
cob=(3)
cfi=(108)
cfn=(436)
calls=33 299 
* 6681
* 264
* 16
cfi=(106)
cfn=(431)
calls=16 443 
* 2974
cob=(3)
cfi=(108)
cfn=(436)
calls=16 299 
* 2556
* 96
fe=(106)

fn=(542)
358 1
-1 4
+2 1
-2 1
+1 1
+1 1
-1 1
+1 1
-1 1
+1 2
cfn=(543)
calls=1 -1 
* 2161379
0 4
fi=(44)
cob=(3)
cfi=(113)
cfn=(546)
calls=1 3356 
0 2286195
fe=(106)

fn=(543)
358 14192
-1 36544
+2 9136
-2 9136
+1 9136
+1 4461
-1 4461
+1 1701
-1 1701
+1 1790
cfn=(543)
calls=895 -1 
* 10259126
+1 634
cfn=(543)
calls=317 -2 
* 213408
+1 510
cob=(3)
cfi=(113)
cfn=(547)
calls=255 3356 
* 536743
* 1020
-1 806
-2 806
+1 166
cfn=(543)
calls=83 -1 
* 166
+1 166
cfn=(543)
calls=83 -2 
* 166
+1 166
cob=(3)
cfi=(113)
cfn=(547)
calls=83 3356 
* 113404
* 332
* 1446
cob=(3)
cfi=(113)
cfn=(547)
calls=723 3356 
* 535465
* 2892
-1 2760
-2 2760
+1 333
-1 333
+2 333
-2 333
+3 666
cob=(3)
cfi=(113)
cfn=(547)
calls=333 3356 
* 175709
* 1332
* 4854
cob=(3)
cfi=(113)
cfn=(547)
calls=2427 3356 
* 618199
* 9708
-1 4675
-2 4675
+1 876
-1 876
+2 876
-2 876
+3 1752
cob=(3)
cfi=(113)
cfn=(547)
calls=876 3356 
* 114756
* 3504
* 3799
+3 11397
-3 3799
cob=(3)
cfi=(113)
cfn=(547)
calls=3798 3356 
* 9910453
cob=(3)
cfi=(113)
cfn=(546)
calls=1 3356 
* 5384
* 15196
* 5056
0 21348
fi=(44)
cob=(3)
cfi=(113)
cfn=(546)
calls=2 3356 
0 2155940
cob=(3)
cfi=(113)
cfn=(547)
calls=5335 3356 
0 87824880
fe=(106)

fn=(502)
137 1
cfn=(429)
calls=1 -9 
* 169015139
543 1
+4 2
-4 3
+4 1
cob=(3)
cfi=(119)
cfn=(478)
calls=1 32 
* 52
* 55

fn=(503)
137 9
cfn=(429)
calls=9 -9 
* 779490838
543 9
+4 18
-4 27
+4 9
cob=(3)
cfi=(119)
cfn=(478)
calls=9 32 
* 468
* 495

fn=(498)
258 1
-22 4
+30 3
+5 1
+1 1
+10 1
+1 2
+1 1
+3 2
+1 2
+13 2
cfn=(499)
calls=1 -2 
* 194810789

fn=(499)
258 34414
+1 16498
+1 16498
+1 16498
+2 16498
-28 124176
+1 115900
+1 14421
+1 34237
+8 24684
+5 6171
+1 6171
+54 12342
+1 6171
+1 1658
+2 3316
+1 3316
-1 9026
+1 9026
+4 18510
+4 3020
+3 3020
+1 3020
-88 12080
+87 3151
+1 3151
-88 12604
+44 20147
cfn=(429)
calls=20147 128 
* 3673020828017
-13 18918
+5 6306
+1 6306
+10 6306
+1 12612
+1 6306
+1 1682
+2 3364
+1 3364
-1 9248
+1 9248
+4 18915
+4 3273
+3 3273
+1 3273
+1 3273
cfn=(499)
calls=3273 -66 
* 597436267559
-2 3034
+1 3034
+1 3034
cfn=(499)
calls=3034 -66 
* 553352876523
* 2
cfn=(499)
calls=1 -2 
* 194798034
-8 6064
cfn=(499)
calls=3032 +6 
* 552963276802
+13 6200
+1 3100
+1 827
+2 827
+5 827
-5 827
+5 3927
-5 2273
+5 4546
+4 3100
+3 3100
-50 3100
+51 3100
-51 12400
cfn=(499)
calls=3100 -1 
* 566061576929
* 2
cfn=(499)
calls=1 +50 
* 194806397
+44 6300
cfn=(499)
calls=3150 +6 
* 574173112025
-33 6106
+1 3053
+1 812
+2 812
+5 812
-5 812
+5 1624
+7 3053
+6 3053
-5 3053
-48 3053
+53 12212
cfn=(499)
calls=3053 -54 
* 557034089739
-18 2241
+6 4482
cfn=(499)
calls=2241 +6 
* 409065062381
* 1624
cfn=(499)
calls=812 +6 
* 147969051782

fn=(506)
328 1
+50 310
+3 30
+2 8
-48 8
-7 8
+53 1
-50 1
+7 1
cfn=(429)
calls=1 154 
* 169014301
-5 7
-5 7

fn=(507)
328 130
+50 35728
+3 3518
+2 953
-48 953
-7 953
+10 12
cfn=(429)
calls=12 154 
* 1056661704
+43 118
-50 118
+7 118
cfn=(429)
calls=118 154 
* 9887483953
-5 806
-5 812
cfn=(507)
calls=6 +10 
* 527555024

ob=(1)
fl=(126)
fn=(558)
31 1
+20 2
-20 7
+20 4
+78 5
-81 1
+82 8
cfn=(559) _dl_fini'2
calls=1 -76 
* 1608
fi=(124)
-16 1
cob=(3)
cfn=(555)
calls=1 -24 
* 738
fe=(126)

fn=(559)
54 3
cob=(3)
cfi=(127)
cfn=(560)
calls=1 +23 
* 1605

fl=(6) ./elf/./elf/do-rel.h
fn=(10) _dl_start
fi=(5) ./elf/../sysdeps/aarch64/dl-machine.h
266 4
fe=(6)
126 3
+2 2
fi=(5)
247 1
fe=(6)
130 1
-1 2
fi=(5)
249 2
+2 1
+7 11
+3 2
+5 3
+28 3
+1 1
cfi=(6)
cfn=(11) _dl_start'2
calls=1 126 
* 119124
fe=(6)

fn=(11)
fi=(5)
266 24
fe=(6)
126 21
+2 12
fi=(5)
247 6
fe=(6)
130 6
-1 12
fi=(5)
249 12
+2 6
+7 66
+3 12
+5 18
fi=(2)
573 7
fi=(4) ./elf/../sysdeps/generic/ldsodefs.h
80 4
fi=(2)
573 2
fe=(6)
50 2
cfi=(2)
cfn=(3) _dl_start'2
calls=1 573 
* 118890
fi=(5)
294 18
+1 6
cfi=(6)
cfn=(11)
calls=6 126 
* 713988
fe=(6)

fn=(268) _dl_relocate_object
128 3
+3 6
-3 3
fi=(5)
247 3
fe=(6)
130 3
-1 3
-1 3
+1 6
-1 3
+3 3
fi=(5)
249 6
+2 3
+5 9
fi=(4)
138 6
fi=(5)
256 42
fi=(4)
80 2
fi=(5)
256 26
cfi=(71) ./elf/./elf/dl-lookup.c
cfn=(271) _dl_lookup_symbol_x'2
calls=2 840 
* 15068
fe=(6)
145 6
-19 9
fi=(5)
365 2
258 5
+3 1
-3 2
+3 2
+5 9
+83 2
+2 4
+2 4
-1 2
cfi=(6)
cfn=(269) _dl_relocate_object'2
calls=1 145 
* 38136
fe=(6)
177 2
fi=(5)
+70 1
fe=(6)
-69 1
-1 3
fi=(5)
+72 2
+2 1
+5 3
fi=(4)
138 3
fi=(5)
256 16
fi=(4)
80 1
fi=(5)
256 14
cfi=(71)
cfn=(271)
calls=1 840 
* 2424
fe=(6)
-65 2
-16 3

fn=(269)
63 6
fi=(5)
389 1
-1 1
+3 2
fi=(70) ./elf/./elf/dl-reloc.c
288 6
+3 5
+24 3
+3 2
+17 2
fi=(5)
+86 2
fe=(6)
128 99
+3 198
-3 99
fi=(5)
247 99
fe=(6)
130 99
-1 99
-1 99
+1 198
-1 99
+3 99
fi=(5)
249 198
+2 99
+5 297
fi=(4)
138 261
fi=(5)
256 1860
fi=(4)
80 84
fi=(5)
256 1092
cfi=(71)
cfn=(271)
calls=84 840 
* 1290445
fe=(6)
145 218
-19 306
fi=(70)
288 27
fe=(6)
50 3
fi=(70)
288 9
cfn=(263) _dl_relocate_object'2
calls=3 * 
* 548
fe=(6)
146 64
fi=(5)
365 24
258 60
+3 12
-3 24
+3 24
+5 108
+83 24
+2 48
+2 48
-1 24
cfi=(6)
cfn=(269)
calls=12 145 
* 453186
-86 14
-10 48
cfn=(265) _dl_relocate_object'2
calls=2 +2 
* 28908
cfn=(264) _dl_relocate_object
calls=1 +2 
* 26777
fe=(6)
-79 8
fi=(5)
+70 4
fe=(6)
-69 4
-1 12
fi=(5)
+72 8
+2 4
+5 12
fi=(4)
138 12
fi=(5)
256 64
fi=(4)
80 4
fi=(5)
256 56
cfi=(71)
cfn=(271)
calls=4 840 
* 4950
fe=(6)
-65 10
-16 16
cfi=(70)
cfn=(263)
calls=1 288 
* 137
fi=(70)
336 2
cfn=(286) _dl_protect_relro
calls=1 +6 
* 29
+1 8
fi=(5)
440 2
+2 3
+1 2
fi=(73) ./elf/../sysdeps/aarch64/dl-irel.h
38 2
+2 1
-2 2
+1 2
+1 2
cob=(3)
cfi=(75)
cfn=(284)
calls=1 -6 
* 10
* 1
fi=(5)
445 2
cfi=(6)
cfn=(269)
calls=1 63 
* 60
fe=(6)

fl=(57) ./elf/./elf/get-dynamic-info.h
fn=(184) _dl_map_object_from_fd
49 48
+3 2
-1 4
+17 24
-23 48
+9 6
+1 4
cfn=(185) _dl_map_object_from_fd'2
calls=2 +13 
* 796

fn=(185)
49 12
+3 6
-1 12
+17 8
-23 16
+27 2
fi=(4)
+8 2
fe=(57)
-8 2
+10 7
+1 10
+1 10
+1 10
+2 10
+5 10
+1 7
+1 10
+3 4
+5 6
+7 4
+1 8
+22 4
+15 4
+2 3
+1 1
+9 2
+6 1
+4 4
fi=(29) ./elf/./elf/dl-load.c
1276 8
+2 8
+10 4
+19 6
+2 10
+52 4
+1 3
+6 3
+1 3
-1 6
+1 3
-1 37
+1 51
+11 4
cfi=(58) ./io/../sysdeps/unix/sysv/linux/close_nocancel.c
cfn=(188) __GI___close_nocancel
calls=2 26 
* 12
* 2
+13 6
+2 4
+2 2
-2 4
+2 2
+16 4
cfi=(8) ./elf/./elf/dl-setup_hash.c
cfn=(14) _dl_setup_hash
calls=2 28 
* 48
+4 2
+1 4
+17 4
+1 3
+3 3
+5 2
-5 3
+5 2
+10 6
+7 16
+10 2
+13 3
cfi=(20) ./elf/./elf/dl-object.c
cfn=(60) _dl_add_to_namespace_list
calls=1 31 
* 51
+3 3
+23 8
+1 3
cfi=(42)
cfn=(190) _dl_audit_objopen
calls=1 76 
* 13
* 1
cfn=(165) _dl_map_object_from_fd'2
calls=1 +4 
* 9
fe=(57)
54 18
+1 12
cfn=(185)
calls=6 +13 
* 2548
fi=(29)
1506 2
-44 4
fi=(4)
80 1
fi=(29)
1463 2
+1 1
-1 2
+1 1
-1 4
cfi=(24) ./string/../sysdeps/aarch64/strcmp.S
cfn=(66) strcmp
calls=1 64 
* 74
* 1
+2 7
cfn=(165)
calls=1 +6 
* 118
1275 2
cfi=(57)
cfn=(185)
calls=1 169 
* 362
fe=(57)

fl=(52) ./io/../sysdeps/unix/sysv/linux/fstatat64.c
fn=(172) fstatat
98 44
+70 26
+1 4
-2 14
+1 7
-1 7
+2 7

fl=(10)
fn=(20) __GI___tunables_init
279 3
-9 1
+9 2
-9 1
+9 3
-9 6
71 3
+6 1
-3 1
+3 53
+4 1
+5 1
fi=(11) ./elf/./elf/dl-tunables.h
+54 1
fe=(10)
-54 1
fi=(11)
+54 1
fe=(10)
-63 1
+9 1
fi=(11)
+54 2
cfn=(22) __GI___tunables_init
calls=1 +1 
* 27899
fi=(9)
+87 1
cfi=(12)
cfn=(24) _dl_sort_maps_init
calls=1 +52 
* 36
fi=(13) ./elf/../sysdeps/unix/sysv/linux/dl-sysdep.c
36 2
cfi=(14) ./elf/../sysdeps/unix/sysv/linux/brk.c
cfn=(30) brk
calls=1 -1 
* 9
fi=(5)
200 5
fi=(15) ./elf/../sysdeps/unix/sysv/linux/aarch64/cpu-features.c
71 4
cfi=(10)
cfn=(26)
calls=1 405 
* 23
* 1
+1 1
+8 4
+6 2
+4 1
+2 1
+4 1
+26 1
-26 1
+4 1
fi=(9)
238 1
fi=(15)
122 1
-26 2
fi=(9)
238 1
+1 1
cfi=(16) ./string/../sysdeps/aarch64/multiarch/../strlen.S
cfn=(36) strlen
calls=1 56 
* 16
* 1
+2 2
cfi=(17) ./elf/../misc/sbrk.c
cfn=(38) sbrk
calls=1 37 
* 15
* 4
+12 3
+3 6
cfi=(2)
cfn=(40) dl_main
calls=1 1320 
* 90186
fe=(10)

fn=(21) __GI___tunables_init'2
71 207
+6 68
-3 68
+3 5668
+4 68
+5 68
fi=(11)
+54 68
fe=(10)
-54 68
fi=(11)
+54 68
fe=(10)
-63 68
+9 68
fi=(11)
+54 136
cfn=(23) __GI___tunables_init'2
calls=68 +1 
* 949590
fe=(10)
302 7728
+6 10212
fi=(11)
140 621
+1 1863
-1 14
+1 42
-1 42
fe=(10)
354 7
74 138
cfn=(21)
calls=69 -3 
* 956220

fn=(26)
405 209
+9 10
+17 50
+2 5
-9 32
+1 16
cfn=(27) __tunable_get_val'2
calls=16 +6 
* 176

fn=(27)
431 160
+2 16

fl=(60) ./elf/./elf/dl-deps.c
fn=(194) _dl_map_object_deps
159 1
+1 2
-1 4
+1 1
-1 1
+1 1
-1 1
+1 2
-1 1
+1 1
-1 3
+1 8
-16 1
+2 1
+6 1
-6 1
+6 3
+24 2
-30 2
-2 1
+33 1
-1 1
-30 2
+30 1
-24 3
+24 2
+28 1
-60 2
+2 2
+52 1
+2 1
fi=(64) ./elf/../include/scratch_buffer.h
77 2
fe=(60)
198 1
303 1
198 1
303 1
200 1
fi=(64)
77 1
fe=(60)
209 1
-9 1
fi=(64)
78 2
fe=(60)
180 1
+33 1
-33 1
+29 2
+4 1
+11 2
-10 4
fi=(4)
80 1
fe=(60)
226 3
+11 1
-5 1
+1 2
+1 2
+3 1
-6 1
+6 2
+58 3
-58 1
-31 1
+32 2
+6 4
cfi=(29)
cfn=(108) _dl_dst_count
calls=1 -6 
* 34
* 3
+4 3
-2 1
+2 1
cfi=(45) ./elf/./elf/dl-error-skeleton.c
cfn=(144) _dl_catch_exception
calls=1 -73 
* 7370
* 4
fi=(2)
1976 2
+1 4
-1 2
+1 3
-1 1
+1 3
-1 6
+1 9
-1 3
+4 6
+1 2
+1 1
+2 2
+1 5
cfn=(41) dl_main'2
calls=1 * 
* 75754
fe=(60)

fn=(195) _dl_map_object_deps'2
224 7
-18 1
+18 1
433 1
fi=(21) ./elf/../include/rtld-malloc.h
56 1
fe=(60)
435 2
fi=(21)
56 1
fe=(60)
438 2
fi=(21)
56 2
cfi=(22) ./elf/./elf/dl-minimal-malloc.c
cfn=(54) __minimal_malloc
calls=1 -21 
* 24
* 1
fe=(60)
439 1
+6 1
+1 1
+1 1
-1 3
cfi=(23) ./string/../sysdeps/aarch64/multiarch/../memcpy.S
cfn=(56) memcpy
calls=1 75 
* 15
+1 4
cfi=(23)
cfn=(56)
calls=1 75 
* 15
+2 1
+2 1
-1 1
+1 2
+4 3
204 1
+5 1
-5 1
+5 1
+4 1
-4 1
+4 1
+1 6
fi=(64)
-83 4
cfi=(65) ./malloc/./malloc/scratch_buffer_set_array_size.c
cfn=(223) __libc_scratch_buffer_set_array_size'2
calls=1 30 
* 16
fe=(60)
+86 4
+4 4
cfn=(195)
calls=2 +3 
* 2355
458 2
-1 3
+1 1
fi=(4)
80 1
fe=(60)
226 3
+11 1
-5 1
+1 2
+1 2
+3 1
-6 1
+6 2
+58 3
-58 1
-31 1
+32 2
+6 4
cfi=(29)
cfn=(108)
calls=1 -6 
* 50
* 3
+4 3
-2 1
+2 1
cfi=(22)
cfn=(54)
calls=1 35 
* 521
cfi=(45)
cfn=(145) _dl_catch_exception'2
calls=1 -73 
* 282
* 223
468 3
+11 1
fi=(21)
56 2
fe=(60)
479 2
fi=(21)
56 2
cfi=(22)
cfn=(55) __minimal_malloc'2
calls=1 -21 
* 24
* 1
fe=(60)
481 1
+5 1
+4 1
-2 1
-1 1
-1 3
+4 1
+2 12
+5 4
+2 4
-2 4
+2 4
+5 12
-14 8
+17 3
+52 2
+37 2
+15 2
-11 1
-3 1
+20 3
-1 3
+1 4
-1 4
cfi=(12)
cfn=(226)
calls=1 288 
* 246
+5 1
+1 1
+2 1
-1 1
+1 2
+1 1
+7 2
+3 1
+3 9
-27 2
cfi=(23)
cfn=(56)
calls=1 75 
* 14
* 1
cfn=(195)
calls=1 +6 
* 279

fn=(198) openaux
61 15
+3 6
+1 3
-1 6
+2 1
-2 4
cfi=(29)
cfn=(150) _dl_map_object
calls=1 2022 
* 211
* 6
cfi=(29)
cfn=(150)
calls=2 2022 
* 5602
* 2
+5 6
fi=(45)
209 3
+1 2
+9 4
fe=(60)

fl=(31) ./elf/./elf/dl-hwcaps-subdirs.c
fn=(84) _dl_hwcaps_subdirs_active
29 2

fl=(93) ./misc/./misc/getauxval.c
fn=(368) getauxval
56 2
+3 2
cfn=(370) __getauxval2
calls=1 -29 
* 7
* 2
+1 1
+4 2

fn=(370)
30 2
+2 1
+1 1
-1 2
+19 1

fl=(39)
fn=(128)
117 2

fn=(120) _dl_debug_initialize
56 1
+3 1
+4 1
-6 1
+6 3
+1 1
-7 1
+7 2
cfn=(121) _dl_debug_initialize'2
calls=1 +21 
* 23

fn=(121)
85 2
+5 2
+1 2
-1 1
+1 1
-1 1
+2 1
+3 2
+4 1
+8 1
-11 9
cfn=(121)
calls=1 +3 
* 2

fn=(166)
38 3
+2 3
+8 3
-7 6
+3 6

fl=(1) ???
fn=(0) 0x0000000000017c00
0 3
cfi=(2)
cfn=(2) _dl_start
calls=1 527 
0 194939991

fn=(366) init_have_lse_atomics
0 4
cfi=(93)
cfn=(368)
calls=1 56 
0 16
0 5

fl=(23)
fn=(56)
75 42
+5 42
+1 42
+1 42
+1 42
+1 42
+1 42
+3 35
+1 35
+1 8
+1 8
+1 8
+1 8
+1 8
+4 27
+1 19
+1 19
+1 19
+1 19
+1 19
+5 8
+1 4
+1 4
+1 4
+1 4
+1 4
+4 4
+1 3
+1 3
+1 3
+1 3
+1 3
+1 3
+1 3
+2 4
+5 7
+1 7
+1 7
+1 7
+1 7
+1 7
+1 7
+1 7
+1 7
+1 7
+1 7

fl=(27) ./elf/../sysdeps/unix/sysv/linux/dl-vdso-setup.h
fn=(74) dl_main
45 3
fi=(2)
1723 1
cfi=(13)
cfn=(76) _dl_discover_osversion
calls=1 48 
* 83
* 10
+8 1
fi=(135) ./elf/./dl-main.h
109 1
fi=(2)
1731 1
fi=(135)
109 4
cfi=(29)
cfn=(80) _dl_init_paths
calls=1 706 
* 88384
fe=(27)

fl=(77) ./elf/./elf/dl-find_object.c
fn=(296) _dlfo_process_initial
474 1
+1 1
+2 1
-3 1
+1 1
+3 3
+26 6
+17 2
-16 2
+1 1
-1 1
+3 7
+3 4
+2 2
+4 2
cfn=(297) _dlfo_process_initial'2
calls=1 -11 
* 42
-36 4
cfi=(78) ./elf/./dl-find_object.h
cfn=(298) _dl_find_object_from_map
calls=1 95 
* 61
+5 2
-1 1
+1 1
+1 29
+1 27
+2 2
+3 2
+6 2
-6 2
-3 2
+89 1
fi=(21)
56 1
fe=(77)
580 1
fi=(21)
56 2
cfi=(22)
cfn=(54)
calls=1 -21 
* 24
fe=(77)
580 1
fi=(21)
56 1
fe=(77)
582 1
+3 1
+5 1
+1 1
cfn=(297)
calls=1 474 
* 570

fn=(297)
474 1
+1 1
+2 1
-3 1
+1 1
+3 3
+26 6
+17 2
-16 2
+1 7
-1 7
+3 27
+3 20
-7 10
+25 2
+2 2
-2 2
+2 4
-18 10
+2 9
cfi=(78)
cfn=(298)
calls=3 95 
* 165
+2 10
cfn=(297)
calls=5 -11 
* 294
-36 4
cfi=(78)
cfn=(298)
calls=1 95 
* 61
+5 2
-1 1
+1 1
+1 29
+1 27
+2 2
+3 2
+6 2
-6 2
-3 2
+3 2
+2 2
-2 2
+2 6
+2 8
cfn=(297)
calls=2 -10 
* 573
+97 2
+2 2
cfn=(300) _dlfo_sort_mappings
calls=1 -59 
* 150
+3 5
+2 1
cfn=(295) _dl_find_object_init'2
calls=1 +3 
* 4

fn=(300)
537 2
-1 1
+4 5
+4 1
+1 1
-1 1
+1 2
-1 3
+1 3
-1 3
+1 10
+1 16
-1 4
+1 4
-1 8
+1 24
-1 6
+1 6
-1 12
+8 4
+1 4
-1 4
+1 4
+1 4
-15 4
+13 4
-13 8
+17 2

fn=(294) _dl_find_object_init
561 1
+3 1
-3 1
+3 1
-3 1
+6 1
-6 1
+5 2
+7 2
+1 1
+6 1
fi=(21)
56 1
fe=(77)
579 1
cfn=(296)
calls=1 474 
* 817
fi=(2)
2498 2
cfi=(7) ./elf/./elf/dl-minimal.c
cfn=(302) __rtld_malloc_init_real
calls=1 76 
* 9615
fe=(77)

fn=(295)
604 4

fl=(12)
fn=(228) dfs_traversal.part.0
140 56
+6 8
+2 8
-2 16
+2 8
+2 15
+4 5
-1 10
+1 5
-1 10
-3 30
+9 8
+15 24
+2 8
-1 8
+1 24
-17 8

fn=(226)
288 2
+8 2
-8 8
+8 2
-8 12
+8 2
+4 16
-79 2
-37 2
+1 8
+1 2
-1 2
+1 6
-1 2
+1 6
-1 6
+1 18
-1 6
+36 22
+8 2
-8 2
+8 2
-3 2
+3 8
-1 2
-2 2
+3 2
cfn=(227) _dl_sort_maps'2
calls=2 +4 
* 379

fn=(227)
231 12
+2 8
-90 40
cfn=(228)
calls=8 -3 
* 251
+93 24
+18 4
+20 8
cfi=(23)
cfn=(56)
calls=2 75 
* 28
* 4

fn=(24)
279 1
+1 2
-1 1
+1 2
cfi=(10)
cfn=(26)
calls=1 405 
* 23
* 1
+1 1
+1 2
-1 1
+2 2

fl=(51) ./io/../sysdeps/unix/sysv/linux/fstat64.c
fn=(170) fstat
29 3
+1 3
+5 12
cfi=(52)
cfn=(172)
calls=3 +63 
* 24

fl=(13)
fn=(76)
48 3
-2 1
+42 1
-42 2
+42 1
cfi=(28) ./posix/../sysdeps/unix/syscall-template.S
cfn=(78) uname
calls=1 +32 
* 6
+15 1
-15 1
+20 1
-1 1
+3 15
+4 3
-2 3
+2 14
+2 1
+1 1
-3 4
+6 3
+2 3
+2 13
+5 2
+4 3

fl=(62)
fn=(206) _dl_load_cache_lookup
fi=(29)
2193 1
+2 1
+4 1
+8 3
+23 7
cfn=(156) open_verify.constprop.0
calls=1 1568 
* 2033
fe=(62)
416 3
+2 1
-2 1
+2 1
-2 2
+2 1
+3 4
+3 5
cfi=(47) ./elf/./elf/dl-misc.c
cfn=(208) _dl_sysdep_read_whole_file
calls=1 36 
* 1485

fn=(207) _dl_load_cache_lookup'2
495 2
+3 1
-3 2
+3 5
cfn=(212) search_cache
calls=1 206 
* 1357

fn=(342)
537 3
+1 6
+2 2
cfi=(55) ./misc/../sysdeps/unix/syscall-template.S
cfn=(178) munmap
calls=1 120 
* 6
+5 1
-4 1
+6 3

fn=(212)
206 1
+6 1
-6 5
+6 1
-6 3
+6 1
-6 4
+6 3
cfi=(10)
cfn=(26)
calls=1 405 
* 24
+6 2
+10 1
-16 1
+6 1
+10 1
+3 1
-10 2
cfn=(213) search_cache'2
calls=1 +9 
* 1141
498 1
+15 2
+4 1
+8 2
cfi=(16)
cfn=(36)
calls=1 56 
* 30
* 12
+1 4
cfi=(23)
cfn=(56)
calls=1 75 
* 18
+1 1
cfi=(37) ./string/./string/strdup.c
cfn=(112) strdup
calls=1 40 
* 88
+1 5

fn=(213)
362 4
228 8
+2 11
+9 11
-9 11
+1 33
-47 11
+51 22
+4 22
cfn=(214) _dl_cache_libcmp
calls=11 371 
* 811
+1 22
359 10
+1 6
228 12
+22 1
-20 1
+18 3
+2 2
+5 2
-71 1
+69 2
+2 2
cfn=(214)
calls=1 371 
* 75
* 1
-7 1
-78 2
+49 1
-49 1
-50 3
+99 1
-99 1
fi=(63) ./elf/../sysdeps/generic/dl-cache.h
317 1
fe=(62)
-99 1
fi=(63)
+99 1
fe=(62)
-99 1
fi=(63)
+99 1
fe=(62)
-99 3
cfn=(213)
calls=1 +49 
* 39
+49 2
+10 3
+1 3
+7 2
fi=(63)
125 1
fe=(62)
303 2
fi=(63)
125 2
fe=(62)
303 2
+3 3
+2 4
+1 3
+13 3
+21 1
+23 8

fn=(214)
371 24
+4 58
-2 116
+2 116
-2 116
+20 114
+2 114
-24 46
+28 46
+1 46
-29 46
+4 2
+8 1
-1 1
-1 1
+2 4
+2 4
-3 1
+3 1
+2 2
cfn=(215) _dl_cache_libcmp'2
calls=1 -16 
* 5
+9 11
+8 11

fn=(215)
371 2
+32 2
+1 1

fl=(66) ./elf/./elf/dl-version.c
fn=(234) _dl_check_all_versions
361 3
+4 2
-2 5
cfn=(235) _dl_check_all_versions'2
calls=1 +3 
* 2552
fi=(2)
698 1
+4 3
fe=(66)

fn=(235)
366 1
+1 5
cfn=(236) _dl_check_map_versions
calls=1 155 
* 2546

fn=(236)
155 4
+15 1
-15 1
+15 1
fi=(4)
-90 1
fe=(66)
+92 3
+2 1
+1 1
-1 1
+3 1
+3 2
-16 1
+16 4
+4 3
-28 1
+28 2
fi=(67) ./elf/../sysdeps/generic/_itoa.h
76 1
fe=(66)
217 1
fi=(67)
76 1
fe=(66)
217 3
36 2
200 1
36 1
200 2
36 2
200 1
36 2
+1 3
-1 3
+2 12
cfi=(47)
cfn=(152) _dl_name_match_p
calls=4 +30 
* 260
* 4
208 2
+5 2
65 2
213 2
65 1
213 1
+4 10
+2 1
-2 2
+4 2
-4 1
56 1
217 1
fi=(4)
80 1
fe=(66)
-24 2
+8 3
+6 2
+16 1
+1 1
+2 2
+5 3
+14 6
+12 2
+4 1
-30 3
+16 1
+3 4
cfi=(24)
cfn=(66)
calls=1 -49 
* 39
* 1
224 1
+3 1
-3 3
+3 2
+9 3
+5 2
-43 1
cfn=(237) _dl_check_map_versions'2
calls=1 36 
* 748
366 2
+1 10
cfn=(237)
calls=2 155 
* 1336
-2 2
+2 4
-1 2
-1 2

fn=(237)
155 12
+15 3
-15 3
+15 3
fi=(4)
-90 3
fe=(66)
+92 9
+2 3
+1 3
-1 3
+3 3
+3 2
-16 1
+16 4
+4 3
-28 1
+28 2
fi=(67)
76 1
fe=(66)
217 1
fi=(67)
76 1
fe=(66)
217 3
36 2
200 1
36 1
200 2
36 2
200 1
36 4
200 1
36 1
200 2
36 2
200 1
36 2
+1 5
-1 5
+2 21
cfi=(47)
cfn=(152)
calls=7 +30 
* 464
* 7
208 4
+5 4
65 4
213 4
65 2
213 2
+4 26
+2 2
-2 4
+4 4
-4 2
56 2
217 2
fi=(4)
80 2
fe=(66)
-24 4
217 2
+2 2
-2 4
+4 4
-4 2
56 2
217 2
fi=(4)
80 2
fe=(66)
-24 4
+8 12
+6 8
+16 4
+1 4
+2 8
+5 12
+14 75
+12 42
+4 21
-30 63
232 2
-11 2
cfn=(237)
calls=2 -4 
* 1001
110 4
+3 16
cfi=(24)
cfn=(66)
calls=4 -49 
* 255
* 4
224 4
+3 4
-3 12
+3 6
+9 6
+14 2
-94 2
+8 2
+86 2
356 8
250 12
+3 10
cfn=(237)
calls=2 +3 
* 657
+10 21
-7 21
+3 21
-3 63
+3 21
-3 2
+3 2
-3 6
+3 2
+8 3
fi=(21)
44 9
fe=(66)
273 3
fi=(21)
44 6
cfi=(22)
cfn=(50) __minimal_calloc
calls=3 +34 
* 105
fe=(66)
272 3
fi=(21)
44 3
fe=(66)
274 3
+13 3
fi=(4)
80 3
fe=(66)
287 3
-3 3
+3 6
+2 6
+3 2
+11 2
-11 6
+4 6
cfn=(237)
calls=2 +3 
* 375
* 3
cfn=(237)
calls=1 +3 
* 43
+18 2
-15 4
+2 4
-2 6
+2 6
+2 5
+2 5
-2 5
+1 5
-1 5
+3 5
-1 5
+1 5
-2 5
+1 5
+1 5
+3 10
+8 6
+5 1
-28 1
cfn=(237)
calls=1 +2 
* 46
+33 6
+3 2
+11 2
-11 8
cfn=(237)
calls=2 +6 
* 331
+20 21
-14 46
+4 21
-6 21
+7 42
+1 21
-1 21
+1 21
-1 21
+1 21
+1 21
+3 46
+10 8
+10 1
+1 5
cfn=(237)
calls=1 155 
* 197
-2 2
+2 4
-1 2
-1 2
+5 5

fl=(91)
fn=(350) call_init
27 5
+4 1
-4 3
+4 2
+2 2
+9 1
-3 2
+3 2
+5 3
+8 2
+1 7
cob=(2)
cfi=(44)
cfn=(352) 0x00000000048404f8
calls=1 -56 
* 10
+3 1
+1 1
+6 1
+2 1
-2 1
+2 2
-2 1
+2 1
+1 6
cfn=(351) call_init'2
calls=1 +1 
* 24
+16 2
cfn=(349) _dl_init'2
calls=1 +5 
* 959

fn=(351)
27 20
+4 4
-4 12
+4 8
+2 8
+9 3
-3 6
+3 6
+5 6
+8 4
+4 2
+1 2
+6 2
+2 2
-2 2
+2 4
-2 2
+2 2
+1 12
cfn=(351)
calls=2 +1 
* 792
* 2
+1 10
cob=(3)
cfi=(98)
cfn=(380)
calls=1 -70 
* 618
cob=(3)
cfi=(97)
cfn=(378)
calls=1 +14 
* 18
* 15
cob=(3)
cfi=(94)
cfn=(372)
calls=1 -24 
* 95
cfi=(1)
cfn=(366)
calls=1 -70 
* 25
cob=(4)
cfi=(92)
cfn=(360)
calls=1 -70 
* 11
-1 14
+3 16
-29 2
+74 15
-1 3
+1 3
cfn=(351)
calls=3 -90 
* 900
-1 8
+7 6

fn=(348) _dl_init
77 3
+5 2
-5 3
+5 1
-5 2
+2 1
-2 2
+1 1
+4 1
+2 1
cfn=(350)
calls=1 -57 
* 1040
-84 4
fi=(1)
cob=(5)
cfi=(100)
cfn=(388)
calls=1 0 
0 194818281
fe=(91)

fn=(349)
90 3
+25 1
+1 4
+1 5
-1 1
+1 1
cfn=(351)
calls=1 -90 
* 944

fl=(18) ./elf/../sysdeps/nptl/dl-tls_init_tp.c
fn=(62) rtld_mutex_dummy
44 14

fn=(256) __tls_init_tp
68 1
fi=(136) ./elf/../include/list.h
-25 2
fe=(18)
+25 2
+1 1
fi=(136)
-26 2
+1 3
fe=(18)
+28 1
fi=(136)
-27 1
fe=(18)
+27 1
fi=(136)
-26 1
fe=(18)
+29 2
fi=(136)
-28 1
fe=(18)
+28 1
+7 1
+5 1
-12 1
+1 1
+6 1
-5 1
+13 1
+3 3
-18 1
+14 1
+1 1
-14 1
+6 1
-5 1
+16 1
+13 4
cfi=(10)
cfn=(26)
calls=1 405 
* 23
* 1
fi=(68) ./elf/../sysdeps/unix/sysv/linux/rseq-internal.h
-74 1
+2 7
+3 2
+3 2
fe=(18)
+83 1
+7 1
-7 2
+7 1
-7 1
+7 1
+2 1
+1 1
+1 3

fn=(42) __tls_pre_init_tp
61 1
+1 1
-6 1
+5 1
-5 1
+5 2
-5 1
+6 1
-5 1
-1 1
+1 1
+1 1
-1 1
+1 1
-1 2
+1 2
+6 1

fl=(3) ./elf/./get-dynamic-info.h
fn=(68) dl_main
49 28
+3 1
-1 2
+17 14
-23 28
+9 3
+1 2
cfn=(69) dl_main'2
calls=1 +13 
* 88665

fn=(69)
49 8
+3 4
-1 8
+17 5
-23 10
+27 2
fi=(4)
+8 1
fe=(3)
-8 1
+10 2
+1 5
+1 5
+1 5
+2 5
+5 5
+1 5
+1 5
+3 2
+5 3
+7 2
+1 4
+22 2
+5 2
+2 1
+2 1
+2 1
+1 1
+3 2
+2 3
+1 1
+9 3
+6 1
+1 2
+3 2
fi=(2)
1688 2
+7 2
cfi=(8)
cfn=(14)
calls=1 28 
* 24
+3 3
fi=(25) ./elf/./setup-vdso.h
24 4
fe=(3)
+30 12
+1 8
cfn=(69)
calls=4 +13 
* 354530
fi=(26) ./elf/../sysdeps/unix/sysv/linux/dl-vdso.h
-15 3
+1 1
fi=(27)
-11 4
+3 3
fi=(26)
+22 2
cfi=(27)
cfn=(74)
calls=1 -10 
* 88488
fe=(3)

fn=(4) _dl_start
49 36
+3 1
-1 2
+17 12
-23 24
+9 3
+1 2
cfn=(5) _dl_start'2
calls=1 +13 
* 120471

fn=(5)
49 9
+3 3
-1 6
+17 4
-23 8
fi=(4)
+35 3
fe=(3)
-8 2
+10 5
+1 6
+1 6
+1 6
+2 6
+5 6
+1 6
+1 6
+3 3
+5 3
+7 3
+1 4
+8 3
+1 2
+5 2
+3 3
fi=(2)
573 2
fi=(5)
67 1
fi=(2)
573 2
fi=(5)
67 1
fi=(2)
573 25
fe=(3)
54 9
+1 6
cfn=(5)
calls=3 +13 
* 361329
fi=(2)
573 2
cfi=(5)
cfn=(8) _dl_start
calls=1 326 
* 120318
fe=(3)

fl=(82) ./elf/./elf/dl-lookup-direct.c
fn=(314) check_match
31 6
+1 3
-1 6
fi=(4)
+49 3
fe=(82)
-49 12
+1 3
-1 6
+1 3
+1 6
+3 12
+12 9
+3 3
+2 3
-2 6
+2 6
cfi=(24)
cfn=(66)
calls=3 +11 
* 211
* 3
+4 3
+1 6
-1 3
+1 18
+1 9
cfi=(24)
cfn=(66)
calls=3 +5 
* 187
-19 6
+24 18

fn=(312) _dl_lookup_direct
74 6
+4 3
-4 9
+1 3
-1 12
+2 3
+2 6
+37 3
-37 12
+1 3
+2 9
+3 3
+2 3
+1 6
-3 3
+3 9
-3 9
+2 3
+1 6
-3 3
+3 9
-3 6
+3 3
cfn=(314)
calls=3 -56 
* 551
+3 3
+3 6
+23 18

fl=(2)
fn=(136) do_preload
829 2
+8 1
-8 2
+10 2
-10 1
+12 5
-12 2
+10 1
+2 1
-6 1
+1 1
+1 1
+4 1
cfi=(45)
cfn=(140) _dl_catch_error
calls=1 225 
* 2372
* 4
+76 1
-18 2
+21 9

fn=(40)
fi=(9)
258 8
fe=(2)
1320 5
307 1
1320 1
2683 1
1320 3
307 2
1320 3
206 1
+1 1
308 1
+1 1
+1 1
+1 1
1332 1
cfi=(18)
cfn=(42)
calls=1 61 
* 20
2677 1
+6 1
-6 2
+6 6
2811 1
2683 1
2818 1
+11 1
-46 1
-8 1
+36 1
+7 1
+11 1
-46 1
-8 1
+36 1
+7 1
+11 1
-46 1
-8 2
-96 1
2811 1
+7 1
+11 1
-46 1
-8 1
-92 1
+2 3
cfi=(19) ./elf/./elf/dl-environ.c
cfn=(44) _dl_next_ld_env_entry
calls=1 29 
* 68
* 1
+4 1
-2 1
+2 3
+1 12
-1 48
+3 2
+6 8
+76 2
+1 8
+2 1
+1 2
-1 1
+1 1
+1 1
cfn=(41)
calls=1 -94 
* 89938

fn=(41)
2685 4
cfi=(19)
cfn=(44)
calls=2 29 
* 331
* 2
+4 1
-2 1
+2 3
+1 7
-1 28
+3 2
+6 5
2845 3
+32 5
1348 1
+1 3
-1 1
+1 1
-1 2
+1 2
1627 9
cfi=(20)
cfn=(46) _dl_new_object
calls=1 59 
* 89508
1170 18
+20 1
+27 1
-27 1
+2 1
+7 1
-9 1
-1 1
+10 1
-30 24
+1 45
1275 2
1169 1
1276 2
1169 2
1282 3
cfn=(41)
calls=1 * 
* 88949
-1 18
+1 27
+12 1
+3 1
+2 1
-5 1
+3 1
+2 1
+2 4
1662 4
fi=(4)
80 1
fe=(2)
1664 1
-1 1
+1 1
-1 1
+2 1
-1 2
+1 2
-2 2
cfi=(24)
cfn=(66)
calls=1 64 
* 39
* 1
+5 1
+3 1
-3 1
+2 1
-2 1
+5 1
-2 1
+2 1
+1 1
+4 4
+2 1
fi=(3)
39 2
+6 1
-2 1
+2 1
+7 1
+7 1
+3 1
+2 1
-3 1
-6 1
-2 1
-1 1
+2 1
+5 1
+3 1
+2 1
-3 1
-3 1
-3 1
-2 1
-4 18
+3 1
-1 2
+17 8
-23 16
fe=(2)
1742 1
+9 1
-9 1
+9 1
-9 1
+1 2
-1 1
+4 1
-4 2
+3 1
+1 1
+5 1
-8 1
+2 2
+1 1
-2 1
+7 2
+1 3
+12 5
+1 3
+5 2
-1 1
+7 1
-9 1
+2 2
+5 1
-7 1
+9 1
-7 1
+6 1
-5 2
+5 1
+1 6
+2 3
+1 1
-1 1
+1 1
+5 4
+4 6
cfn=(122) audit_list_add_dynamic_tag
calls=1 232 
* 11
+1 5
cfn=(122)
calls=1 232 
* 11
+4 3
+5 2
1170 6
+56 2
-1 2
+1 2
+1 2
-2 2
+2 4
+1 1
+2 4
+1 6
+4 2
+1 2
-1 4
+1 4
+1 2
+1 7
+1 1
+4 2
+3 1
cfn=(41)
calls=1 -77 
* 89068
-3 2
+3 1
cfn=(41)
calls=1 -77 
* 89028
-76 2
+10 3
-1 1
+1 1
-1 1
+1 2
-1 2
+2 1
cfn=(41)
calls=1 -12 
* 89008
+90 2
+1 1
cfn=(41)
calls=1 1169 
* 88970
-98 3
+1 1
cfn=(41)
calls=1 -6 
* 89129
fi=(3)
54 3
fe=(2)
2719 5
+7 4
fi=(3)
56 4
+3 3
fe=(2)
1822 1
cfi=(40) ./elf/./elf/dl-tls.c
cfn=(124) _dl_count_modids
calls=1 199 
* 7
* 1
fi=(41) ./elf/../sysdeps/generic/dl-debug.h
29 2
+1 2
fe=(2)
1828 3
+1 1
cfi=(39)
cfn=(128)
calls=1 117 
* 1
+1 1
+4 3
cfi=(42)
cfn=(130) _dl_audit_activity_map
calls=1 28 
* 16
+5 3
+4 1
-2 1
+2 1
+9 2
+16 5
cfi=(59) ./io/../sysdeps/unix/sysv/linux/access.c
cfn=(192) access
calls=1 25 
* 12
* 1
+76 3
+16 4
+10 8
cfi=(60)
cfn=(194)
calls=1 159 
* 83323
+14 6
+1 12
+12 5
+1 1
+2 1
+2 3
+2 1
-4 1
+4 1
-4 1
+4 1
-4 1
+5 1
-1 1
+14 2
+2 1
-1 3
+1 3
+11 1
+2 1
-2 1
+1 2
+1 5
-2 1
+1 1
+1 1
cfi=(45)
cfn=(230) _dl_receive_error
calls=1 238 
* 75693
+14 1
862 1
+4 1
+9 1
-13 1
+4 1
+9 2
+5 1
fi=(137) ./elf/../sysdeps/unix/sysv/linux/dl-osinfo.h
64 1
fe=(2)
866 1
2052 2
2282 2
1797 2
cfn=(41)
calls=1 +25 
* 86135
2351 2
-13 1
+4 3
-4 2
+4 2
-4 1
+10 2
+3 1
+8 1
fi=(138) ./elf/../sysdeps/aarch64/dl-prop.h
30 3
cfi=(69) ./elf/../sysdeps/aarch64/dl-bti.c
cfn=(260) _dl_bti_check
calls=1 +51 
* 4
fe=(2)
2415 2
+25 1
-18 1
+18 1
+5 1
-30 2
+3 1
+16 1
-19 3
+3 2
+5 4
+2 4
+5 4
+2 2
+6 6
+2 4
+1 7
cfi=(70)
cfn=(262) _dl_relocate_object
calls=1 194 
* 72373
+4 2
+71 5
cfi=(83) ./elf/./elf/dl-call-libc-early-init.c
cfn=(316) _dl_call_libc_early_init
calls=1 29 
* 1254
-82 1
+1 1
-3 1
1232 3
cfn=(41)
calls=1 +3 
* 89040
1995 3
cfn=(41)
calls=1 +36 
* 75706
fi=(3)
62 3
+2 2
cfn=(68)
calls=1 +4 
* 88743
fe=(2)
2726 7
+2 2
+1 1
cfn=(41)
calls=1 -44 
* 89544
1847 4
cfn=(132) handle_preload_list
calls=1 894 
* 86087
1948 13
+1 1
+3 3
+1 1
+1 1
-6 1
+7 2

fn=(2)
0 13
fi=(1)
cfi=(91)
cfn=(348)
calls=1 77 
0 194819342
527 1
+29 2
-29 2
+26 2
-26 1
fi=(5)
48 1
fe=(2)
527 3
fi=(5)
48 1
fi=(3)
-3 1
fe=(2)
553 1
+4 1
-30 1
+30 1
-1 1
+1 1
fi=(3)
45 1
+23 1
-16 1
+7 1
+3 1
+2 1
-3 1
-6 1
-2 1
+15 1
-16 1
+2 1
+5 1
+3 1
+2 1
-3 1
-3 1
-3 1
-2 2
-4 15
+3 1
-1 2
+17 4
-23 8
+9 3
+2 4
+3 3
+3 3
+2 2
cfn=(4)
calls=1 +4 
* 120551
fe=(2)

fn=(3)
573 1
fi=(6)
86 2
-37 1
fe=(2)
573 1
fi=(6)
86 1
+2 1
-2 1
+2 1
-2 1
+27 2
+5 2
fi=(5)
351 3
fi=(6)
126 3
cfi=(2)
cfn=(3)
calls=1 573 
* 118870
fe=(2)
573 6
+2 1
+17 1
488 1
+87 3
+13 1
cfi=(7)
cfn=(12) __rtld_malloc_init_stubs
calls=1 43 
* 14
+4 3
488 1
+1 1
592 1
488 1
cfi=(8)
cfn=(14)
calls=1 28 
* 24
+1 1
+18 1
-17 1
+1 1
-1 1
+1 1
+1 2
+9 1
-11 1
+11 1
+6 2
-16 1
+1 1
+15 1
cfi=(9)
cfn=(18) _dl_sysdep_start
calls=1 85 
* 118796

fn=(232) version_check_doit
fi=(45)
248 1
+1 1
+1 4
fe=(2)
696 1
+2 2
-2 3
+2 3
cfi=(66)
cfn=(234)
calls=1 361 
* 2566

fn=(122)
232 2
fi=(4)
80 2
fe=(2)
232 4
+1 2
-1 4
+1 4
+1 2
-10 2

fn=(148) map_doit
fi=(45)
209 3
+1 2
+9 4
fe=(2)
663 1
+2 1
+1 1
-3 1
+2 1
+1 1
-3 2
+3 1
-1 1
+1 2
cfi=(29)
cfn=(150)
calls=1 2022 
* 2273

fn=(132)
894 7
+5 2
+6 1
-10 4
+7 1
191 5
cfn=(133) handle_preload_list'2
calls=1 902 
* 2685
1847 2
cfn=(41)
calls=1 +5 
* 83380

fn=(133)
902 3
cfi=(43) ./string/./string/strcspn.c
cfn=(134) strcspn
calls=1 32 
* 2682

fn=(244) init_tls
756 3
+2 2
-2 2
+6 1
-4 2
+4 1
fi=(21)
44 1
fe=(2)
773 1
fi=(21)
44 1
fe=(2)
768 1
fi=(21)
44 3
cfi=(22)
cfn=(50)
calls=1 +34 
* 35
fe=(2)
777 1
-6 1
+12 1
-5 1
+1 1
+4 1
+2 2
-1 2
+3 8
+4 3
-5 1
-1 1
+1 3
-1 3
+10 5
+3 2
cfi=(40)
cfn=(248) _dl_tls_static_surplus_init
calls=1 97 
* 85
+3 1
cfi=(40)
cfn=(250) _dl_determine_tlsoffset
calls=1 227 
* 455
2045 2
cfn=(41)
calls=1 +2 
* 72461

fl=(48) ./io/../sysdeps/unix/sysv/linux/open64_nocancel.c
fn=(158) __open_nocancel
28 44
+3 66
+8 55
+2 6
-2 32
+2 16

fl=(65)
fn=(222) __libc_scratch_buffer_set_array_size
30 1
+4 1
-4 2
+5 1
-4 1
-1 1
+5 2
+10 1
+1 1
-1 2
+18 3
cfi=(60)
cfn=(195)
calls=1 217 
* 1248

fn=(223)
30 1
+4 1
-4 2
+5 1
-4 1
-1 1
+5 2
+10 1
+1 1
-1 2
+18 3

fl=(8)
fn=(14)
28 8
fi=(4)
+52 4
fe=(8)
-49 8
+1 8
+2 4
+2 12
+8 4
-7 4
+8 4
-7 4
+3 4
-3 4
+3 4
-3 4
+7 4
-5 4
+3 4
+2 4
+5 4

fl=(28)
fn=(78)
120 5
+2 1

fl=(5)
fn=(8)
326 1
fi=(6)
86 1
fe=(5)
326 4
fi=(2)
573 1
fi=(6)
86 2
-37 1
fi=(2)
573 1
fi=(6)
86 1
+2 1
-2 1
+2 1
-2 1
+27 3
fe=(5)
378 1
fi=(6)
113 1
fe=(5)
378 3
fi=(6)
113 2
fe=(5)
378 156
fi=(6)
113 156
fe=(5)
378 468
fi=(6)
113 312
+5 2
fe=(5)
351 3
fi=(6)
126 2
fe=(5)
266 4
fi=(6)
128 2
fe=(5)
247 1
fi=(6)
130 1
-1 2
fe=(5)
249 2
+2 1
+7 11
+3 2
+5 3
+28 3
+1 1
cfi=(6)
cfn=(10)
calls=1 126 
* 119160

fn=(264)
256 10
fi=(70)
-51 2
fi=(6)
100 4
fi=(70)
205 6
+83 2
fi=(6)
48 2
+1 2
fi=(70)
288 2
fi=(6)
60 2
fe=(5)
417 12
fi=(6)
63 12
fe=(5)
389 4
-1 4
+3 8
+2 8
+23 8
fi=(70)
288 6
+3 5
+24 3
+3 2
+17 2
fi=(6)
86 2
+2 2
fi=(4)
-8 2
fi=(6)
+20 4
-12 2
-2 8
+14 4
+10 1
+3 2
fe=(5)
378 4
fi=(6)
113 4
fe=(5)
378 12
fi=(6)
113 8
+7 4
fi=(4)
-40 2
fi=(6)
+44 4
+2 4
fe=(5)
305 12
fi=(6)
128 2
+3 4
-3 2
fe=(5)
247 2
fi=(6)
130 2
-1 2
-1 2
+1 4
-1 2
+3 2
fe=(5)
249 4
+2 2
+5 6
fi=(4)
138 6
fe=(5)
256 42
fi=(4)
80 2
fe=(5)
256 26
cfi=(71)
cfn=(270) _dl_lookup_symbol_x
calls=2 840 
* 16144
+2 2
+3 1
-3 2
+3 2
+5 11
+28 3
fi=(6)
145 1
fe=(5)
295 1
cfi=(6)
cfn=(269)
calls=1 145 
* 26749
-37 2
+3 1
-3 2
fi=(70)
+78 2
cfn=(286)
calls=1 +6 
* 29
+1 8
fe=(5)

fn=(265)
417 51
fi=(6)
63 51
fe=(5)
389 18
-1 18
+3 36
+2 34
+23 34
+5 2
258 4
+3 2
-3 4
+3 4
+5 22
+28 18
fi=(6)
145 6
fe=(5)
295 6
cfi=(6)
cfn=(268)
calls=1 145 
* 10432
cfi=(6)
cfn=(269)
calls=5 145 
* 47223
-37 4
+3 2
-3 4
440 2
+2 3
+1 2
fi=(73)
38 2
+2 1
-2 2
+1 2
+1 2
cob=(3)
cfi=(74)
cfn=(282)
calls=1 -6 
* 9
* 1
fe=(5)
445 2
cfi=(6)
cfn=(269)
calls=1 63 
* 98

fl=(45)
fn=(140)
225 9
+2 2
cfn=(144)
calls=1 -52 
* 2348
* 4
fi=(2)
842 2
+8 1
+6 1
-6 2
+6 3
fe=(45)

fn=(230)
238 2
+8 1
-8 2
+1 2
-1 1
+1 1
+4 1
-3 1
+4 1
+2 1
cfi=(2)
cfn=(232)
calls=1 696 
* 2581
fi=(2)
2043 3
+1 1
+1 2
cfn=(244)
calls=1 756 
* 73093
fe=(45)

fn=(144)
fi=(60)
244 4
cfi=(29)
cfn=(108)
calls=1 -6 
* 50
* 2
+14 1
+2 3
+5 2
+6 1
-2 1
+4 1
-8 1
+5 1
+3 1
-2 1
+4 1
-2 1
+2 4
+4 1
-42 2
+1 2
+6 1
+4 3
-2 1
+2 1
cfi=(65)
cfn=(222)
calls=1 30 
* 1264
cfi=(45)
cfn=(145)
calls=1 -73 
* 280
* 281
* 1
+1 2
fe=(45)
-74 6
+5 2
-5 2
+5 2
-5 2
+5 2
-2 2
+25 2
-3 2
-1 2
+4 2
+3 4
-6 2
+6 2
cfi=(46) ./setjmp/../sysdeps/aarch64/setjmp.S
cfn=(146) __sigsetjmp
calls=2 35 
* 44
* 4
+2 4
cfi=(60)
cfn=(198)
calls=1 61 
* 5413
cfi=(2)
cfn=(148)
calls=1 663 
* 2294
+21 1
-1 1
+2 1
+2 1
-3 1
+1 3
+2 3

fn=(145)
175 6
+5 2
-5 2
+5 2
-5 2
+5 2
-2 2
+25 2
-3 2
-1 2
+4 2
+3 4
-6 2
+6 2
cfi=(46)
cfn=(146)
calls=2 35 
* 44
* 4
+2 4
cfi=(60)
cfn=(198)
calls=2 61 
* 458
+1 6
+1 4
+9 8

fl=(81) ./elf/../sysdeps/nptl/dl-mutex.c
fn=(310) __rtld_mutex_init
30 1
+7 1
+3 1
-10 2
+10 2
-3 1
+3 4
-10 1
+10 3
cfi=(82)
cfn=(312)
calls=1 +34 
* 220
+4 1
+1 11
+2 3
-2 1
+2 1
-2 1
+2 5
cfi=(82)
cfn=(312)
calls=1 +27 
* 263
+4 1
+1 9
+1 1
-1 2
+1 3

fl=(53) ./misc/../sysdeps/unix/sysv/linux/mmap64.c
fn=(174) mmap
50 20
+8 70
+2 10

fl=(14)
fn=(30)
35 1
+1 4
+1 2
+6 1
+1 1

fl=(11)
fn=(22)
141 3
fi=(10)
320 4
cfn=(21)
calls=1 -12 
* 27892
fe=(11)

fn=(23)
140 36
+5 18
-5 18
+1 258
fi=(10)
320 272
cfn=(21)
calls=68 -12 
* 948988
fe=(11)

fl=(89)
fn=(332)
38 5
+12 5
+5 5
+4 5
+4 5
+4 5
+4 5
+4 5
+4 5
+4 5
+5 5
+3 5
+2 5
+1 5
+1 5
+1 5
+1 5
+3 5
cob=(3)
cfi=(129)
cfn=(574)
calls=1 -70 
* 107
cob=(3)
cfi=(113)
cfn=(454)
calls=1 3287 
* 1699
cfi=(42)
cfn=(418) _dl_audit_preinit
calls=1 +17 
* 13
cob=(3)
cfi=(99)
cfn=(384)
calls=1 -70 
* 6
cfi=(10)
cfn=(26)
calls=1 405 
* 23
cfi=(90) ./elf/./elf/dl-runtime.c
cfn=(334) _dl_fixup
calls=5 -54 
* 3207

fl=(59)
fn=(192)
25 1
+4 10
+2 1

fl=(16)
fn=(36)
56 13
+2 13
+1 13
+1 13
+1 13
+1 13
+1 13
+1 13
+1 13
+1 13
+1 13
+1 13
+2 7
+1 7
+1 7
+1 7
+4 15
+1 15
+1 15
+1 15
+1 15
+2 6
+1 6
+1 6
+1 6
+2 6
+2 6
+1 6
+1 6

fl=(17)
fn=(38)
37 3
+3 1
-3 2
+3 1
+18 1
+4 2
+16 5

fl=(20)
fn=(46)
59 8
+3 1
-3 5
+3 2
+2 1
+2 1
+1 1
+4 6
+6 2
cfi=(21)
cfn=(48) _dl_new_object
calls=1 -33 
* 249
fi=(2)
1627 1
+2 1
+3 1
+5 2
-5 2
-1 1
+5 1
-6 1
+1 1
+5 1
cfi=(20)
cfn=(60)
calls=1 31 
* 44
+1 3
1169 1
1326 1
1140 1
+29 1
-18 1
+18 1
-19 1
-2 1
+3 1
+18 1
-19 2
+1 1
-3 1
-3 1
+1 1
+23 2
+57 2
+45 1
-82 1
+37 1
-56 2
+19 1
+37 1
+45 1
-60 1
+15 2
-83 1
+27 2
+96 1
1166 2
cfn=(41)
calls=1 +4 
* 89136
fe=(20)

fn=(47) _dl_new_object'2
fi=(29)
1063 2
+1 2
+11 2
+2 2
+2 2
+1 4
-1 2
-3 4
-1 2
+2 2
+3 6
+1 4
+19 4
-2 4
+2 24
+10 2
-10 2
+10 6
+27 2
+58 6
+6 2
-38 2
-26 2
+64 2
-6 2
-99 2
+15 2
-15 2
+15 2
+26 2
+9 2
-42 2
-1 2
-1 2
+61 2
-52 4
+52 2
+32 2
-94 4
cfn=(165)
calls=2 +10 
* 1123
1269 6
fi=(57)
39 2
+6 2
-2 2
+2 2
+7 2
+7 2
+3 2
+2 2
-3 2
-6 2
-2 2
-1 2
+2 2
+5 2
+3 2
+2 2
-3 2
-3 2
-3 2
-2 4
-4 26
+3 2
-1 4
+17 11
-23 22
+9 6
+2 8
+3 6
+3 6
+2 4
cfn=(184)
calls=2 +4 
* 932
fe=(20)
-5 16
+3 2
-3 10
+3 4
+18 2
+3 2
-3 2
+3 2
cfi=(16)
cfn=(36)
calls=2 -27 
* 51
* 4
+4 2
+5 4
fi=(21)
-48 10
cfi=(22)
cfn=(50)
calls=2 +34 
* 105
* 2
fe=(20)
+51 2
+4 2
-1 2
+1 4
+5 2
-1 2
-1 2
+2 4
-2 2
+2 2
cfi=(23)
cfn=(56)
calls=2 -29 
* 33
* 2
+2 6
+13 4
+8 2
+3 4
-3 4
+3 4
+6 3
-4 3
+7 9
fi=(4)
1394 2
+2 2
fe=(20)
139 2
+2 1
-2 2
fi=(4)
1396 30
fe=(20)
139 30
+2 15
-2 30
+16 9
-6 3
+6 3
-5 3
+5 3
-5 3
-1 3
+6 3
+2 4
+3 2
-3 4
+7 6
+4 2
+8 1
+3 2
+10 2
-10 4
+10 4
+2 4
cfi=(16)
cfn=(36)
calls=2 56 
* 65
* 4
+4 4
+68 24
131 6
cfn=(47)
calls=2 +5 
* 435
* 2
-12 2
+49 8
-15 1
+7 2
+16 2
cfn=(47)
calls=1 * 
* 13
+69 6
cfi=(23)
cfn=(56)
calls=2 75 
* 36
* 2
+5 2
+1 6
-1 40
+1 120
+2 4
+3 2
+3 4
cfn=(47)
calls=2 +4 
* 16
fi=(21)
56 8
cfi=(22)
cfn=(54)
calls=2 -21 
* 48
* 2
fe=(20)
200 2

fn=(60)
31 3
+2 3
-2 12
+2 3
-2 3
+2 9
cfi=(18)
cfn=(62)
calls=3 +11 
* 6
+2 26
+3 15
+2 2
+2 2
+4 4
+4 4
-4 2
+1 2
-1 2
+5 2
-3 2
-2 2
+4 2
-4 4
+1 2
+3 2
+1 2
-3 2
+3 2
-1 2
cfi=(18)
cfn=(62)
calls=2 -6 
* 4
-5 2
cfn=(61) _dl_add_to_namespace_list'2
calls=1 +1 
* 19
fi=(18)
-1 2
fe=(20)

fn=(61)
46 2
+4 2
-4 1
+1 1
-1 1
+5 1
-3 1
-2 1
+4 1
-4 2
+1 1
+3 1
+1 1
-3 1
+3 1
-1 1

fl=(36) ./string/../sysdeps/aarch64/strchr.S
fn=(110) index
58 7
+2 7
+1 7
+1 7
+1 7
+1 7
+1 7
+1 7
+1 7
+1 7
+2 7
+1 7
+1 7
+1 7
+2 7
+1 7
+1 7
+2 4
+1 4
+3 4
+1 4
+1 4
+1 4
+4 7
+1 7
+1 7
+1 7
+1 7
+1 7
+8 3
+1 3
+1 3
+1 3
+1 3
+2 3
+3 3
+1 3
+1 3
+1 3

fl=(29)
fn=(80)
706 1
+14 1
-14 2
+14 1
-14 1
fi=(21)
56 1
fe=(29)
706 5
+14 5
cfi=(30) ./elf/./elf/dl-hwcaps.c
cfn=(82) _dl_important_hwcaps
calls=1 175 
* 2083
fi=(2)
1731 3
cfi=(39)
cfn=(120)
calls=1 56 
* 34
* 1
+7 1
-7 1
+2 1
+5 1
+3 4
cfn=(41)
calls=1 +1 
* 86238
fe=(29)

fn=(81) _dl_init_paths'2
767 3
+1 12
cfi=(35) ./string/../sysdeps/aarch64/memset.S
cfn=(98) memset
calls=3 32 
* 42
+2 8
-8 2
+8 2
-7 2
+7 2
-7 2
-7 2
+3 2
+3 2
+4 6
-3 4
cfn=(81)
calls=2 +4 
* 1623
+19 1
-6 1
+6 1
+3 2
-15 1
+15 1
-8 1
+8 1
-9 2
+11 4
+2 2
+36 4
+2 2
cfi=(16)
cfn=(36)
calls=1 56 
* 16
* 7
-19 1
-2 2
+2 1
+19 8
cfi=(23)
cfn=(56)
calls=1 75 
* 15
+5 1
-5 1
+5 2
-1 2
+2 1
-1 1
+1 1
+1 2
-2 1
+1 13
-1 13
+1 13
+1 26
-2 13
+5 2
fi=(21)
56 1
fe=(29)
836 2
fi=(21)
56 1
cfi=(22)
cfn=(54)
calls=1 -21 
* 24
* 1
fe=(29)
836 1
+2 1
+6 7
cfn=(102) fillin_rpath.isra.0
calls=1 468 
* 568
-22 2
cfn=(81)
calls=1 +3 
* 750

fn=(202) open_path
1870 9
+1 1
-1 1
+1 1
-1 3
+7 1
+5 19
+3 1
-3 1
1525 1
1874 1
+11 1
-10 1
+10 1
1545 4
1894 3
+7 2
-12 1
+13 1
-1 2
cfi=(23)
cfn=(56)
calls=1 75 
* 15
* 1
+52 1
+17 1
-17 1
-52 1
+69 1
-17 1
-51 8
+3 3
+5 8
cfi=(23)
cfn=(56)
calls=1 75 
* 14
* 5
cfi=(23)
cfn=(56)
calls=1 75 
* 15
* 1
+9 1
-6 1
+6 2
+3 7
cfn=(156)
calls=1 1568 
* 1246
2164 1
-6 1
+6 3
+1 7
cfn=(200) cache_rpath
calls=1 682 
* 6
* 3
+8 1
+14 1
+2 3
+4 2
cfi=(62)
cfn=(206)
calls=1 416 
* 3549

fn=(203) open_path'2
1905 21
+5 56
cfi=(23)
cfn=(56)
calls=7 75 
* 103
* 35
cfi=(23)
cfn=(56)
calls=7 75 
* 105
* 7
+9 7
-6 7
+6 14
+3 49
cfn=(157) open_verify.constprop.0'2
calls=7 1568 
* 4243
+69 6
+7 3
-2 1
+2 1
-2 2
+2 1
+3 1
1880 1
2015 9
1902 46
cfn=(203)
calls=7 +3 
* 4647

fn=(106) expand_dynamic_string_token
385 12
+10 4
cfn=(108)
calls=2 238 
* 90
+3 2
+1 2
+11 6
-11 2
cfi=(37)
cfn=(112)
calls=2 40 
* 164

fn=(102)
468 5
+41 3
-41 2
+64 1
-64 2
+4 1
+60 1
-64 3
+6 3
cfi=(7)
cfn=(104) strsep
calls=1 242 
* 195
* 2
+7 2
+2 3
cfn=(106)
calls=1 -98 
* 119
* 1
+4 1
+5 1
cfi=(16)
cfn=(36)
calls=1 56 
* 16
* 1
+1 1
+7 6
+5 5
cfn=(103) fillin_rpath.isra.0'2
calls=1 +4 
* 180
847 3
+6 3
+4 8

fn=(103)
474 3
cfi=(7)
cfn=(104)
calls=1 242 
* 6
* 2
+97 1
+3 7
-65 10
+1 12
+55 2
fi=(21)
50 4
cfi=(22)
cfn=(118) __minimal_free
calls=1 +45 
* 11
+1 1
cfi=(29)
cfn=(103)
calls=1 474 
* 19
fe=(29)
528 2
+4 1
fi=(21)
56 1
fe=(29)
532 3
fi=(21)
56 1
fe=(29)
532 2
fi=(21)
56 2
cfi=(22)
cfn=(54)
calls=1 -21 
* 24
* 1
fe=(29)
534 1
+5 1
+1 2
-1 3
-1 1
+2 1
cfi=(23)
cfn=(56)
calls=1 75 
* 15
* 1
+3 1
-2 1
+2 3
+7 1
-1 1
+1 1
-1 3
+1 3
+1 1
-1 3
+1 7
-1 21
+4 1
-1 2
+1 1
+7 2
-6 1
+7 2
cfn=(103)
calls=1 +3 
* 37
-34 2
cfn=(103)
calls=1 +4 
* 154
* 2
cfn=(103)
calls=1 +33 
* 42

fn=(108)
238 5
+3 5
-3 10
+7 5
-4 5
cfi=(36)
cfn=(110)
calls=5 58 
* 169
+3 5
+20 20

fn=(156)
1568 9
+39 6
-39 6
+39 3
-39 27
+39 3
+19 9
cfi=(48)
cfn=(158)
calls=3 28 
* 55
* 3
+2 6
+12 2
-1 4
+6 2
-6 2
+1 2
+5 8
cfi=(49) ./io/../sysdeps/unix/sysv/linux/read_nocancel.c
cfn=(160) __read_nocancel
calls=2 26 
* 12
+4 2
-2 4
+2 4
+2 4
+6 4
+17 30
+74 2
-74 2
+74 4
+5 6
+2 10
+6 6
+6 2
+1 2
-1 2
+2 2
-1 6
+21 6
+31 6
-31 2
1633 2
1820 6
cfn=(157)
calls=2 -30 
* 240
1612 2
cfn=(157)
calls=1 1856 
* 9
+62 6
1922 1
+2 2
+2 2
+5 1
+1 8
+6 1
+2 1
-2 1
+2 1
-2 1
+2 1
cfi=(61) ./io/../sysdeps/unix/sysv/linux/stat64.c
cfn=(204) stat
calls=1 29 
* 16
+3 1
-3 1
+3 2
cfn=(203)
calls=1 -41 
* 1150
2265 1
+3 2
+12 2
+46 1
+1 4
-1 1
+1 5
-1 1
+1 1
cfn=(164) _dl_map_object_from_fd
calls=1 944 
* 1506
-1 1
+1 4
-1 1
+1 5
-1 1
+1 1
cfn=(164)
calls=1 944 
* 1762
-97 1
+4 3
+1 2
+17 2
+28 5
+2 2

fn=(157)
1568 21
+39 14
-39 14
+39 7
-39 63
+39 7
+19 21
cfi=(48)
cfn=(158)
calls=7 28 
* 147
* 7
+2 14
fi=(21)
50 8
cfi=(22)
cfn=(118)
calls=2 +45 
* 22
fe=(29)
1856 90
-67 72
+1 45
+1 8
+4 6
+1 2
-1 4
+28 2
+3 2
-3 18
-1 2
+4 4
+5 1
+1 1
-12 12
+15 1
+3 1
+2 1
+1 1
+1 1
-3 2
+1 1
+2 1
-4 1
+4 3
1612 14
cfn=(157)
calls=7 1856 
* 63
1922 7
+2 14
+2 14
+5 7
+1 56
+6 7
+2 7
-2 7
+2 7
-2 7
+2 7
cfi=(61)
cfn=(204)
calls=7 29 
* 109
+3 7
-3 7
+1 1
+2 1
-2 1
+2 5
cfn=(203)
calls=1 -41 
* 29
* 12
cfn=(203)
calls=6 -41 
* 3539

fn=(164)
944 28
+10 2
-10 6
+10 2
cfi=(39)
cfn=(166)
calls=2 38 
* 14
* 2
+7 6
+85 6
+10 6
+7 14
cfi=(20)
cfn=(47)
calls=2 59 
* 3070
fi=(50) ./elf/../sysdeps/posix/dl-fileid.h
37 6
cfi=(51)
cfn=(170)
calls=2 -8 
* 28
* 2
fe=(29)
999 10
fi=(50)
41 4
fe=(29)
999 14
+1 10
fi=(50)
49 18
fe=(29)
1018 2
2327 2
+2 16

fn=(165)
1111 36
+20 2
-21 45
+1 87
1213 4
1110 2
1214 4
1110 4
1218 6
+10 2
+1 2
-1 2
+1 2
-1 4
+1 2
-1 2
+1 2
-1 4
+7 6
+10 6
+7 2
fi=(54) ./elf/./dl-map-segments.h
97 2
fe=(29)
1252 6
fi=(54)
28 2
fe=(29)
1252 2
fi=(54)
96 2
fe=(29)
1252 2
fi=(54)
96 2
-68 4
fe=(29)
1515 18
1111 14
+26 16
+12 12
-3 4
-1 4
+1 8
+5 4
-4 8
+2 4
-2 4
+1 4
+3 4
-2 4
+2 16
+2 16
+4 10
+1 4
+4 2
+1 2
-18 2
+17 2
+1 6
-1 2
+11 2
cfn=(165)
calls=2 -63 
* 893
-11 2
+1 2
-18 2
+17 2
+1 6
-1 2
+11 2
cfn=(165)
calls=2 -63 
* 1001
-56 4
+9 2
-1 2
+1 6
-2 2
+2 2
-1 2
-1 2
+1 2
+1 4
cfn=(165)
calls=2 -16 
* 847
+50 2
+4 1
+14 1
-13 2
+13 1
-70 1
+61 5
+1 1
+3 1
-3 1
+8 2
+15 4
+1 2
cfn=(165)
calls=2 1110 
* 751
1471 2
+1 4
+5 2
cfi=(40)
cfn=(218) _dl_assign_tls_modid
calls=1 147 
* 14
+7 3
cfi=(20)
cfn=(60)
calls=1 31 
* 54
+3 3
+23 8
+1 3
cfi=(42)
cfn=(190)
calls=1 76 
* 13
* 1
cfn=(165)
calls=1 +4 
* 9
-5 2
fi=(54)
36 6
+1 2
-1 2
+1 10
-1 4
+1 2
cfi=(53)
cfn=(174)
calls=2 +13 
* 20
* 2
+4 4
+3 2
+1 8
-1 6
+1 4
-1 2
+1 2
cfi=(53)
cfn=(174)
calls=2 +5 
* 20
* 2
+4 12
+6 4
+1 12
cfi=(55)
cfn=(178)
calls=2 +64 
* 12
* 10
cfn=(176) _dl_map_object_from_fd
calls=2 +2 
* 503
fe=(29)

fn=(150)
fi=(60)
64 1
+5 3
fe=(29)
2022 24
+8 12
+1 32
+3 42
+5 45
+2 27
cfi=(47)
cfn=(152)
calls=9 68 
* 677
* 9
+4 14
+1 14
fi=(4)
80 2
fe=(29)
2049 4
+1 2
-1 4
+1 2
+1 6
cfi=(24)
cfn=(66)
calls=2 64 
* 60
* 2
2329 16
2067 2
+2 4
-1 14
+9 2
-53 2
+53 4
+17 4
-2 2
+2 2
cfi=(36)
cfn=(110)
calls=2 58 
* 46
* 2
2260 1
-1 3
cfn=(106)
calls=1 385 
* 163
-1 1
+3 2
+4 6
cfn=(156)
calls=1 1568 
* 1755
2098 3
cfi=(16)
cfn=(36)
calls=1 56 
* 16
+2 1
-2 2
+2 1
+7 3
+4 2
+8 5
-7 1
+5 1
+2 1
-7 6
cfn=(151) _dl_map_object'2
calls=1 +5 
* 5027
fi=(2)
666 1
+2 3
fe=(29)

fn=(151)
2158 12
cfn=(202)
calls=1 1870 
* 4965
-42 2
+1 6
cfn=(200)
calls=1 682 
* 6
* 2
+14 4
+1 7
+1 7
cfn=(200)
calls=1 682 
* 6
* 3
+9 1
+15 5
+1 1

fn=(200)
682 3
-1 3
+1 6
+1 3
+16 3

fl=(37)
fn=(112)
40 12
+1 3
cfi=(16)
cfn=(36)
calls=3 +15 
* 81
fi=(38) ./string/../include/rtld-malloc.h
+15 3
fe=(37)
-15 3
fi=(38)
+15 9
cfi=(22)
cfn=(54)
calls=3 -21 
* 72
fe=(37)
-12 3
+3 6
+1 6
-1 3
cfi=(23)
cfn=(56)
calls=3 +28 
* 51

fl=(47)
fn=(208)
36 4
+3 1
-3 2
+3 1
cfi=(48)
cfn=(158)
calls=1 -11 
* 17
+1 1
+2 3
cfi=(51)
cfn=(170)
calls=1 -13 
* 14
* 1
+2 2
+3 1
+2 6
cfi=(53)
cfn=(174)
calls=1 +1 
* 10
* 2
cfn=(209) _dl_sysdep_read_whole_file'2
calls=1 +11 
* 13
fi=(62)
424 1
+8 5
+1 19
+3 3
+1 1
-1 3
fi=(63)
194 1
+1 4
fi=(62)
444 1
+1 2
cfn=(207)
calls=1 +50 
* 1367
fe=(47)

fn=(209)
60 2
cfi=(58)
cfn=(188)
calls=1 -34 
* 6
+3 5

fn=(152)
68 100
+1 40
cfi=(24)
cfn=(66)
calls=20 -5 
* 304
* 20
+3 20
+2 20
+6 42
-6 21
+1 78
cfi=(24)
cfn=(66)
calls=26 -11 
* 650
* 26
-5 5
+13 15
-1 15
+1 45

fl=(43)
fn=(134)
fi=(2)
916 2
+1 4
cfn=(136)
calls=1 -88 
* 2409
-15 1
+1 3
+2 1
+7 1
-7 3
cfi=(23)
cfn=(56)
calls=1 75 
* 18
+1 1
191 1
913 1
+1 2
191 1
fe=(43)
32 4
+1 2
+1 2
+5 2
+1 1
+1 1
+1 1
+5 1
-8 1
+1 1
+1 1
+1 1
-3 1
+1 1
+1 1
+1 1
+2 1
cfn=(135) strcspn'2
calls=1 +3 
* 211

fn=(135)
47 8
+1 2
-1 3
+1 1
+3 4
+1 4
+1 4
+1 4
+2 2
+6 1
+2 1
+1 1
-2 1
-1 1
+2 1
+3 7
-5 12
+2 12
+1 12
-2 12
-1 12
+2 12
+3 84
+2 1
+1 6
+1 3

fl=(83)
fn=(316)
29 1
-2 1
+6 2
-6 1
+6 4
-6 3
+6 3
cfi=(82)
cfn=(312)
calls=1 +41 
* 227
+4 1
+2 6
+1 1
+1 1
-2 1
+2 1
-1 2
cob=(3)
cfi=(84)
cfn=(318)
calls=1 -7 
* 999

fl=(40)
fn=(218)
147 2
-13 1
+13 1
-13 2
+52 1
+2 2
-2 2
+2 1
+3 2

fn=(254) allocate_dtv
365 1
+5 2
-5 3
+5 1
+4 1
fi=(21)
44 5
cfi=(22)
cfn=(50)
calls=1 +34 
* 35
fe=(40)
376 1
+3 3
+6 1
+6 3

fn=(248)
97 1
+4 1
-4 2
+4 2
-4 2
+4 2
cfi=(10)
cfn=(26)
calls=1 405 
* 24
* 1
+1 4
cfi=(10)
cfn=(26)
calls=1 405 
* 24
* 3
+8 1
-8 1
+8 2
+3 1
+4 1
-34 1
+32 1
-32 1
+32 1
-32 1
+35 1
-35 1
+34 1
+1 1
-1 2
+1 2

fn=(124)
199 5
+1 1
+15 1

fn=(250)
227 2
-6 2
+6 2
+3 2
+84 3
-2 1
-88 1
-1 1
-1 1
+94 2
cfn=(251) _dl_determine_tlsoffset'2
calls=1 * 
* 44
fi=(2)
808 1
cfi=(40)
cfn=(252) _dl_allocate_tls_storage
calls=1 422 
* 393
fe=(40)

fn=(251)
337 1
-23 1
+23 3
+1 1
+1 3
+2 1
-11 1
+12 1
+3 2
-31 1
+31 1
+3 1
-34 2
+2 2
+3 1
+4 1
-5 1
+1 1
+4 1
-5 1
+3 1
-3 1
+3 1
+2 3
+29 2
-1 1
+1 1
-1 1
+1 3
+7 1
+1 2

fn=(292) _dl_allocate_tls_init
528 5
+1 2
+10 2
-6 1
+6 5
+3 3
-3 2
cfi=(18)
cfn=(62)
calls=1 44 
* 2
+3 4
+12 1
-18 1
+42 1
-43 1
+19 1
+5 10
cfn=(293) _dl_allocate_tls_init'2
calls=1 +6 
* 102
fi=(2)
2471 3
+10 8
+2 4
+10 1
cfi=(77)
cfn=(294)
calls=1 561 
* 10449
fe=(40)

fn=(293)
568 1
+1 1
+6 4
+3 1
-2 2
+6 1
-4 2
+4 1
-4 1
+1 1
+2 2
+4 2
+1 4
+5 1
+15 1
-15 1
+15 1
-8 1
+8 3
+2 3
cfi=(23)
cfn=(56)
calls=1 75 
* 14
* 6
cfi=(35)
cfn=(98)
calls=1 32 
* 21
* 1
+6 1
-55 5
+6 4
+55 5
cfi=(18)
cfn=(62)
calls=1 44 
* 2
+3 6
+3 3

fn=(252)
422 1
+13 2
fi=(21)
56 1
fe=(40)
422 1
fi=(21)
56 1
fe=(40)
422 1
+14 1
-14 1
+13 1
+1 1
fi=(21)
56 2
cfi=(22)
cfn=(54)
calls=1 -21 
* 278
fi=(2)
808 1
+1 1
+6 2
+3 1
+3 1
cfi=(18)
cfn=(256)
calls=1 68 
* 88
+1 2
+3 1
-3 1
+3 4
fe=(40)

fn=(288) _dl_add_to_slotinfo
1015 4
+9 2
-9 3
+6 1
+3 1
+1 1
cfn=(289) _dl_add_to_slotinfo'2
calls=1 +4 
* 17
fi=(2)
2425 2
+5 2
+2 1
+6 3
+2 2
+1 7
cfi=(70)
cfn=(263)
calls=1 194 
* 24916
-18 2
fe=(40)

fn=(289)
1029 3
+34 1
+3 4
+1 4
+3 5

fl=(90)
fn=(334)
46 25
+2 5
-2 5
fi=(4)
+34 5
fe=(90)
-32 15
+6 5
+1 5
-6 5
+6 5
-6 5
+6 10
-6 5
+9 5
-2 10
+2 5
-2 25
+7 10
+4 15
+4 10
+4 8
+1 8
-1 4
+1 8
+1 4
-8 8
+16 4
-1 4
+1 13
-1 1
+1 3
+10 40
cfi=(71)
cfn=(270)
calls=5 840 
* 2867
fi=(89)
+8 5
+3 5
+1 5
+1 5
+1 5
+1 5
+1 5
+1 5
+1 5
+1 5
+3 5
+4 5
fe=(90)

fn=(335) _dl_fixup'2
159 15
fi=(5)
+60 5
fe=(90)
-56 25

fl=(22)
fn=(54)
35 66
+1 22
-1 22
+1 65
+11 63
+1 21
+2 21
-3 21
+3 99
+5 10
+1 6
+3 4
-1 2
+1 12
cfi=(53)
cfn=(174)
calls=2 -9 
* 20
* 2
+2 4
+2 8
+2 1
+4 1
-4 2
+3 2
+3 3
-3 38
+3 57
cfi=(21)
cfn=(224) _dl_map_object_deps
calls=1 -15 
* 497
-29 1
-1 2
+1 2
+1 1
-1 1
+1 1
-2 2
cfn=(55)
calls=1 +6 
* 15
+27 1
-3 2
+4 1
-4 2
cfn=(55)
calls=1 +3 
* 5
fi=(21)
-21 1
fi=(20)
+51 1
+4 1
-1 1
+1 2
+5 1
-1 1
-1 1
+2 2
-2 1
+2 1
cfi=(23)
cfn=(56)
calls=1 -29 
* 20
* 1
+2 3
+13 2
+6 1
+2 1
+3 2
-3 2
+3 2
+1 3
cfn=(47)
calls=1 +5 
* 151
fi=(40)
437 1
+20 3
+7 2
-7 2
+7 2
cfi=(35)
cfn=(98)
calls=1 32 
* 140
+5 1
+2 1
-2 1
+2 1
cfn=(254)
calls=1 365 
* 56
* 1
+1 1
+3 5
fe=(22)

fn=(55)
35 6
+1 2
-1 2
+1 6
+11 6
+1 2
+2 2
-3 2
+3 4
-3 2
+1 1
+2 1
-3 1
+3 11
+18 8
+3 12

fn=(118)
95 9
+2 15
+7 9

fn=(50)
78 8
+7 8
+1 24
-4 8
+4 8
fi=(21)
-30 32
cfi=(22)
cfn=(55)
calls=1 -21 
* 24
cfi=(22)
cfn=(54)
calls=7 -21 
* 412
fe=(22)

fl=(71)
fn=(272) do_lookup_x
363 312
+1 104
-1 832
+6 104
-6 520
+48 104
+82 104
390 104
493 104
390 104
493 416
-82 104
-20 208
-1 104
+1 104
-21 208
cfn=(273) do_lookup_x'2
calls=104 +4 
* 33604
859 24
+1 104
+5 104
+23 208
-23 104
+24 464
+7 96
-7 96
+40 384
+79 288
-65 192
+3 380
+7 570
-69 95
+69 285
-86 40
+18 24
cfn=(271)
calls=8 +68 
* 80
+59 3
cfn=(271)
calls=1 +2 
* 14

fn=(273)
395 670
fi=(4)
80 335
fe=(71)
403 670
-4 335
+1 335
+3 670
+1 335
+3 335
-3 670
+4 335
+4 670
+3 335
-3 335
+3 335
-5 335
+8 1340
570 717
374 670
+3 670
+4 670
+4 670
+4 1005
+88 192
fi=(4)
137 192
+1 96
fe=(71)
528 192
fi=(72) ./elf/../sysdeps/generic/dl-protected.h
29 192
fe=(71)
535 748
+16 96
+1 96
+1 96
+21 768
422 100
-1 100
+1 200
-1 100
+2 100
+2 100
+6 400
-6 1500
cfn=(273)
calls=100 +3 
* 19699
+13 256
-10 1120
+2 96
+1 192
-1 96
+1 192
+1 96
-1 192
+1 96
-1 576
cfn=(276) check_match
calls=96 70 
* 11591
+4 96
573 8
+1 64
-35 15
-70 12
170 44
cfn=(273)
calls=4 469 
* 1221
+6 1152
cfn=(273)
calls=96 477 
* 2683

fn=(270)
840 65
+92 13
-92 104
+92 13
-92 39
+92 13
692 39
581 39
-1 26
+2 26
-1 26
+1 274
-1 274
+2 13
846 26
-4 26
+1 13
+3 39
+4 23
+5 26
-2 13
+6 13
-7 65
cfn=(271)
calls=13 +8 
* 5415
fi=(5)
256 12
+2 3
+8 7
-8 2
+3 2
-3 4
+3 4
+5 18
+28 6
fi=(6)
145 2
fi=(5)
295 2
cfi=(6)
cfn=(268)
calls=2 145 
* 42950
-29 2
cfn=(265)
calls=1 +28 
* 10437
-8 4
+3 2
-3 4
-2 4
+2 2
+3 1
-3 2
+3 2
+5 7
+28 3
fi=(6)
191 1
fi=(5)
295 1
cfi=(6)
cfn=(268)
calls=1 191 
* 2476
-37 2
+3 1
-3 2
fi=(90)
95 5
+4 10
+10 60
+15 25
+9 10
+29 10
cfn=(335)
calls=5 -3 
* 45
fi=(7)
-94 20
+1 44
+2 4
fi=(80) ./elf/./dl-sym-post.h
-30 8
+12 12
fi=(7)
+19 8
fi=(80)
-12 4
fi=(7)
+12 8
fe=(71)

fn=(271)
840 455
+92 91
-92 728
+92 91
-92 273
+92 91
692 273
581 273
-1 182
+2 182
-1 182
+1 2386
-1 2386
+2 91
846 182
-4 182
+1 91
+3 273
+4 174
+5 182
-2 91
+6 91
-7 455
cfn=(271)
calls=91 +8 
* 36528
+8 1248
cfn=(272)
calls=104 363 
* 40695
+86 4
+7 54
-69 9
+69 27
fi=(5)
256 344
+2 86
+8 21
-3 4
fi=(73)
38 2
-1 2
+3 2
-2 1
+2 1
-1 2
+1 2
cob=(3)
cfi=(76)
cfn=(290)
calls=1 -1 
* 18
* 1
fi=(5)
266 10
-8 83
+3 83
-3 166
+3 166
+5 586
+28 246
fi=(6)
145 82
fi=(5)
295 82
cfi=(6)
cfn=(269)
calls=82 145 
* 1227619
-29 6
+83 2
+2 4
+2 4
-1 2
cfi=(6)
cfn=(269)
calls=1 145 
* 13115
-86 6
cfn=(265)
calls=3 +28 
* 18386
-8 166
+3 83
-3 166
-2 20
+2 5
+8 32
-8 1
+3 1
-3 2
+3 2
+5 11
+28 12
fi=(6)
191 4
fi=(5)
295 4
cfi=(6)
cfn=(269)
calls=4 191 
* 4294
-1 3
fi=(6)
191 1
fi=(5)
295 1
cfi=(6)
cfn=(269)
calls=1 191 
* 1007
-37 2
+3 1
-3 2
fe=(71)

fn=(276)
70 672
+3 96
-3 480
+3 288
+13 96
-13 96
+13 96
-13 96
+13 288
+3 332
cfi=(24)
cfn=(66)
calls=35 -25 
* 2392
* 35
+4 96
+1 96
+2 93
+19 93
+1 837
-38 96
+84 480
-18 3
+2 3
+1 9
-1 9
-29 279
cfi=(24)
cfn=(66)
calls=93 -53 
* 4437
* 93

fl=(61)
fn=(204)
29 40
cfi=(52)
cfn=(172)
calls=8 +69 
* 85

fl=(21)
fn=(48)
44 5
cfi=(22)
cfn=(50)
calls=1 +34 
* 244

fn=(224)
fi=(60)
224 5
-18 1
+18 1
433 1
fe=(21)
56 1
fi=(60)
439 1
+6 1
+1 1
+1 1
-1 3
cfi=(23)
cfn=(56)
calls=1 75 
* 14
+1 4
cfi=(23)
cfn=(56)
calls=1 75 
* 14
+2 1
+2 1
-1 1
+1 2
+4 6
204 1
+5 1
-5 1
+5 1
+4 1
-4 1
+4 1
+1 6
458 2
-1 6
+1 2
199 2
cfi=(64)
cfn=(220) _dl_map_object_deps
calls=1 85 
* 413
fe=(21)

fl=(7)
fn=(12)
43 4
+1 1
-1 1
+1 1
+1 1
+1 1
-1 1
+1 1
-1 1
+1 1
+1 1

fn=(306) lookup_malloc_symbol
61 1
+3 2
-3 3
+3 6
-3 1
+2 1
+1 1
cfi=(71)
cfn=(270)
calls=1 840 
* 532
+28 1
-1 1
+1 4
cfn=(307) lookup_malloc_symbol'2
calls=1 -31 
* 1703

fn=(307)
61 3
+3 6
-3 9
+3 18
-3 3
+2 3
+1 3
cfi=(71)
cfn=(270)
calls=3 840 
* 1637
+29 1
-1 1
+1 4
cfn=(307)
calls=1 -32 
* 1150
+1 2
-1 1
+1 3
cfn=(307)
calls=1 -33 
* 561
+5 3
+2 1
+1 1
+1 4

fn=(302)
76 1
fi=(79) ./elf/../sysdeps/generic/dl-hash.h
-32 1
fe=(7)
+43 1
-11 3
fi=(79)
-33 1
+1 1
+1 1
fe=(7)
+41 1
fi=(79)
-43 1
fe=(7)
+43 1
-10 1
+10 1
+1 1
fi=(79)
-39 3
-3 1
+17 3
-17 3
cfn=(304) __rtld_malloc_init_real
calls=1 +3 
* 2303
fi=(2)
2501 1
cfi=(81)
cfn=(310)
calls=1 30 
* 538
+6 1
+1 3
-1 2
+1 3
cfi=(70)
cfn=(263)
calls=1 194 
* 6739
fe=(7)

fn=(104)
242 4
+2 4
+1 2
+4 7
cfn=(105) strsep'2
calls=1 +5 
* 183
+22 1

fn=(105)
249 39
cfn=(105)
calls=13 +5 
* 1196
+7 56
-2 56
+17 1
-22 29
+18 1
+3 1
cfn=(105)
calls=1 +1 
* 1

fl=(58)
fn=(188)
26 15
+1 3

fl=(70)
fn=(286)
342 4
+1 4
-1 4
+1 8
-1 8
+1 8
+3 4
-3 8
+3 8
+4 8
+7 12
-6 12
cfi=(55)
cfn=(180) mprotect
calls=4 120 
* 24
* 4

fn=(262)
194 3
+10 1
-10 1
+14 1
-14 8
+16 1
+2 2
+1 1
-1 1
+1 1
+19 2
+6 2
+1 1
+1 3
cfn=(263)
calls=1 +2 
* 47373
fi=(2)
2445 4
+1 2
-23 1
+23 1
cfi=(40)
cfn=(288)
calls=1 1015 
* 24964
fe=(70)

fn=(263)
194 9
+10 3
-10 3
+14 3
-14 24
+16 3
+2 6
+1 3
-1 3
+1 3
+19 6
+6 6
+4 12
+7 12
fi=(5)
67 20
fe=(70)
288 18
fi=(4)
80 4
fe=(70)
288 56
fi=(4)
80 4
fe=(70)
288 44
fi=(5)
-32 10
fe=(70)
-51 2
fi=(6)
100 4
fe=(70)
205 6
+83 2
fi=(6)
48 2
+1 2
fe=(70)
288 2
fi=(6)
60 2
fe=(70)
288 4
fi=(6)
48 4
+1 4
fe=(70)
288 4
fi=(6)
60 4
+3 4
fi=(5)
318 2
+8 2
-8 2
+8 2
fi=(73)
37 4
cfi=(5)
cfn=(264)
calls=1 389 
* 113
cfi=(5)
cfn=(265)
calls=1 389 
* 370
fe=(70)
288 18
+3 10
+24 6
+3 4
+17 4
-96 3
+1 9
cfn=(263)
calls=3 +2 
* 19657
fi=(4)
80 2
fi=(5)
-7 6
+1 4
+12 2
-8 2
+8 2
fi=(6)
* 4
+2 4
fi=(4)
-8 4
fi=(6)
+20 8
-12 4
-2 16
+14 8
+10 3
+3 6
fi=(5)
378 1226
fi=(6)
113 1226
fi=(5)
378 3678
fi=(6)
113 2452
+7 8
fi=(4)
-40 3
fi=(6)
+44 6
+2 6
fi=(5)
305 6
fi=(6)
128 1
+3 2
-3 1
fi=(5)
247 1
fi=(6)
130 1
-1 1
-1 1
+1 2
-1 1
+3 1
fi=(5)
249 2
+2 1
+5 3
fi=(4)
138 3
fi=(5)
256 21
fi=(4)
80 1
fi=(5)
256 13
cfi=(71)
cfn=(270)
calls=1 840 
* 38654
fe=(70)
+32 1
fi=(6)
50 1
fe=(70)
288 3
cfn=(263)
calls=1 * 
* 126
fi=(5)
+17 2
fi=(6)
175 4
+2 2
fi=(5)
+70 1
fi=(6)
-69 1
-1 3
fi=(5)
+72 2
+2 1
+5 3
fi=(4)
138 3
fi=(5)
256 16
fi=(4)
80 1
fi=(5)
256 14
cfi=(71)
cfn=(270)
calls=1 840 
* 3027
fe=(70)
+80 4
cfn=(286)
calls=2 +6 
* 58
+1 16
fi=(5)
101 2
fe=(70)
288 4
fi=(5)
101 4
fe=(70)
288 14
cfi=(5)
cfn=(264)
calls=2 -32 
* 16369
fi=(2)
2423 6
+2 2
+5 2
+2 1
+6 3
+2 2
+1 7
cfi=(70)
cfn=(263)
calls=1 194 
* 21674
+4 4
+9 1
+2 1
-2 3
+5 6
+2 5
+7 3
cfi=(40)
cfn=(292)
calls=1 528 
* 10608
+40 1
cfn=(41)
calls=1 +8 
* 1259
fe=(70)

fl=(42)
fn=(190)
76 6
+1 4
-1 4
+1 4
+15 8

fn=(418)
117 3
+1 2
-1 2
+1 2
+10 4

fn=(590)
96 12
+1 8
-1 4
+1 8
+16 12

fn=(130)
28 3
+1 2
-1 2
+2 1
-2 1
+1 1
+1 1
+6 5

fn=(340)
44 9
+1 3
-1 3
+2 3
-2 3
+2 9
+4 3

fl=(54)
fn=(176)
58 2
+1 4
-1 10
+2 4
+43 6
-42 2
cfi=(55)
cfn=(178)
calls=2 +59 
* 12
* 2
+41 2
+1 6
cfn=(177) _dl_map_object_from_fd'2
calls=2 +4 
* 453

fn=(177)
107 4
-1 2
+3 2
+7 18
+3 8
cfi=(55)
cfn=(180)
calls=2 +1 
* 12
* 6
+7 2
+2 2
-2 4
-97 2
fi=(56) ./elf/./dl-load.h
+62 4
+1 8
+2 8
fe=(54)
+56 12
+8 2
-2 2
+2 2
-2 2
+1 2
+1 2
+1 2
-1 8
+8 4
+3 2
+8 16
cfi=(35)
cfn=(98)
calls=2 32 
* 176
+1 8
+5 4
+12 4
-59 20
+2 2
+3 2
-3 4
+2 20
cfi=(53)
cfn=(174)
calls=2 -90 
* 20
* 8
fi=(29)
1268 8
fi=(56)
95 4
+1 1
+1 2
-1 1
+1 1
-1 3
+3 4
cfi=(54)
cfn=(177)
calls=1 +51 
* 93
fe=(54)
+88 9
cfi=(53)
cfn=(174)
calls=1 50 
* 10
+3 4

fl=(9)
fn=(338)
263 1

fn=(18)
85 1
+25 2
-25 2
+24 1
-24 1
+24 1
+1 6
-25 1
+25 1
-25 1
+25 3
-25 1
+25 1
-25 1
+25 141
+11 1
-2 1
-9 1
+3 2
+1 1
+5 1
-6 1
-3 1
+11 12
-34 1
-1 2
cfn=(19) _dl_sysdep_start'2
calls=1 +36 
* 118599
fi=(2)
509 2
+98 7
fe=(9)

fn=(19)
122 34
+9 1
+1 1
-11 38
+1 128
+34 1
+1 1
-36 27
cfn=(19)
calls=1 224 
* 118316
+1 15
+57 1
-1 1
+1 1
cfn=(19)
calls=1 -58 
* 118382
-57 14
+3 1
+1 1
cfn=(19)
calls=1 -5 
* 118522
-4 4
+6 1
+1 1
cfn=(19)
calls=1 -8 
* 118496
+21 1
+1 2
cfn=(19)
calls=1 -30 
* 118397
-16 1
-1 1
+1 1
cfn=(19)
calls=1 -14 
* 118458
+19 1
-1 1
+1 1
cfn=(19)
calls=1 -33 
* 118343
+8 1
+1 2
cfn=(19)
calls=1 -42 
* 118538
+61 1
cfi=(10)
cfn=(20)
calls=1 +55 
* 118315

fl=(55)
fn=(180)
120 30
+2 6

fn=(178)
120 25
+2 5

fl=(30)
fn=(96) copy_hwcaps
77 3
+6 1
-6 1
+6 1
-6 2
+10 1
fi=(33) ./elf/./dl-hwcaps.h
-31 1
+33 1
-1 1
+2 1
cfi=(30)
cfn=(97) copy_hwcaps'2
calls=1 -10 
* 30
fe=(30)
293 6
cfn=(97)
calls=1 77 
* 526

fn=(97)
77 3
+6 1
-6 1
+6 1
-6 2
+10 1
fi=(33)
-31 1
+33 1
-1 1
+2 1
cfi=(30)
cfn=(97)
calls=1 -10 
* 37
fe=(30)
-10 4
cfi=(32) ./elf/./elf/dl-hwcaps_split.c
cfn=(87) _dl_hwcaps_split_masked'2
calls=2 -29 
* 63
296 2
+1 1
+7 2
+72 1
-48 1
+48 1
256 1
376 1
+13 1
-61 1
-72 1
+72 1
+61 1
256 1
+75 2
+13 2
+3 1
-3 1
-6 1
-82 1
+91 4
-3 2
-3 1
+3 1
cfi=(23)
cfn=(56)
calls=1 75 
* 20
* 6
cfn=(83) _dl_important_hwcaps'2
calls=1 +4 
* 418

fn=(82)
fi=(29)
720 1
fi=(21)
56 2
fi=(29)
720 1
fi=(21)
56 1
cfi=(22)
cfn=(54)
calls=1 -21 
* 24
fi=(29)
725 1
+2 1
+8 2
-1 2
+1 2
fi=(21)
56 1
fi=(29)
734 2
+5 1
fi=(21)
56 2
cfi=(22)
cfn=(54)
calls=1 -21 
* 24
fi=(29)
739 1
+2 3
+7 2
+19 1
-20 1
+1 1
+13 2
+9 1
-2 1
+2 3
-7 1
-7 1
+6 1
-4 2
+1 1
+3 1
+8 1
-3 1
+1 4
cfi=(35)
cfn=(98)
calls=1 32 
* 14
+2 3
-8 1
+8 1
-7 1
+7 1
-7 1
-7 1
+3 1
+3 1
+4 3
-3 2
cfn=(81)
calls=1 +4 
* 864
fe=(30)
175 3
+1 1
-1 2
+30 1
-30 1
+30 1
-30 1
+30 1
-30 3
+1 1
-1 1
+1 1
-1 1
+1 2
cfi=(10)
cfn=(26)
calls=1 405 
* 24
+2 2
-2 1
+3 1
-1 1
+1 3
-1 1
+26 1
cfi=(31)
cfn=(84)
calls=1 29 
* 2
* 1
fi=(33)
88 1
-32 1
+33 1
-1 1
+2 1
cfi=(30)
cfn=(83)
calls=1 -35 
* 1031
fe=(30)

fn=(83)
55 2
cfi=(32)
cfn=(86) _dl_hwcaps_split_masked
calls=1 -4 
* 1029
* 2
cfi=(32)
cfn=(87)
calls=1 -4 
* 995
+60 2
cfi=(32)
cfn=(88) _dl_hwcaps_split
calls=1 -90 
* 10
* 2
fi=(33)
-61 2
+2 1
+33 2
-1 2
+2 1
cfi=(30)
cfn=(83)
calls=1 +38 
* 905
fe=(30)
+38 2
cfi=(32)
cfn=(87)
calls=1 -77 
* 903
231 24
fi=(34) ./elf/../sysdeps/unix/sysv/linux/aarch64/dl-procinfo.h
37 3
fe=(30)
233 1
fi=(34)
37 1
fe=(30)
233 1
-3 1
+6 1
fi=(34)
37 3
fe=(30)
233 1
+1 1
cfi=(16)
cfn=(36)
calls=1 56 
* 16
* 1
+1 3
-5 16
cfn=(83)
calls=7 +1 
* 5019
+10 1
-2 4
+4 1
-1 2
+4 2
+1 1
-1 1
+1 1
+3 3
+4 1
-1 2
+4 6
+1 2
+19 1
fi=(21)
56 1
fe=(30)
276 4
fi=(21)
56 1
fe=(30)
276 3
fi=(21)
56 2
cfi=(22)
cfn=(54)
calls=1 -21 
* 24
* 1
fe=(30)
283 1
+8 1
+1 3
-1 2
+1 2
cfn=(96)
calls=1 77 
* 575
+52 2
-3 1
+3 1
cfi=(23)
cfn=(56)
calls=1 75 
* 20
* 6
cfn=(83)
calls=1 +4 
* 334
+3 3
+1 8
+1 1
-2 1
+2 1
cfi=(23)
cfn=(56)
calls=1 75 
* 16
* 2
-2 1
+2 3
-2 1
+5 6
cfi=(23)
cfn=(56)
calls=2 75 
* 32
* 8
+2 2
+5 8
+1 1
-1 9
+1 7
-1 15
+5 6
+3 1
-3 6
+3 8
+1 3
-1 3
+1 15
-1 9
+1 18
+1 12
-1 12
+1 24
-2 12
+2 24
-1 24
-1 12
+4 6
+5 1
-2 2
+2 2
-1 1
-1 1
+1 1
+1 2
-1 1
+1 2
cfn=(83)
calls=1 +2 
* 55
+3 3
-3 2
+2 4
+3 2
-5 2
+6 2
+7 5
+3 1
-3 2
+3 1
-3 3
+3 3
-3 6
+3 3
+3 5
-80 2
+86 9
259 1
+1 2
+1 3
-1 2
+2 2
+10 4
cfn=(83)
calls=1 +4 
* 621
-44 2
cfn=(83)
calls=1 +44 
* 625

fl=(79)
fn=(304)
48 3
-3 1
+17 3
-17 3
cfn=(305) __rtld_malloc_init_real'2
calls=1 +3 
* 2293

fn=(305)
48 9
-3 3
+17 9
-17 7
cfn=(305)
calls=2 +3 
* 4556
+22 1
fi=(7)
+24 5
fe=(79)
-19 1
fi=(7)
+17 1
+2 1
cfn=(306)
calls=1 -30 
* 2256
fe=(79)

fl=(32)
fn=(88)
25 24
+1 12
+4 9
+4 9
+2 3
-9 6
+20 18

fn=(86)
fi=(30)
55 2
fi=(33)
-1 2
+2 1
+33 2
-1 2
+2 1
cfi=(30)
cfn=(83)
calls=1 -35 
* 997
fe=(32)
-39 5
cfn=(87)
calls=1 +3 
* 17

fn=(87)
fi=(30)
80 4
+13 8
-38 2
fi=(21)
+1 1
fi=(30)
+47 1
fi=(21)
-47 3
cfi=(22)
cfn=(54)
calls=1 -21 
* 24
fi=(30)
+47 2
+2 1
fi=(33)
-51 1
fi=(30)
+57 1
-3 1
fi=(33)
-52 1
+1 1
cfi=(30)
cfn=(83)
calls=1 +58 
* 927
fi=(30)
+71 2
+8 2
+9 5
+71 1
-1 1
+1 1
-1 1
+5 2
-4 3
+4 2
+2 1
-1 1
-1 1
+2 3
-2 4
+2 8
-1 8
-1 8
+2 24
-2 32
+5 2
+3 11
fi=(34)
37 1
fi=(30)
228 1
fi=(34)
37 1
fi=(30)
228 1
fi=(34)
37 5
fi=(30)
231 3
-1 2
cfn=(83)
calls=1 +1 
* 737
fe=(32)
51 20
cfn=(87)
calls=4 +3 
* 89
+3 10
cfn=(88)
calls=5 -29 
* 71
* 10
+8 15

fl=(49)
fn=(160)
26 10
+1 2

fl=(64)
fn=(220)
85 4
fi=(60)
464 6
+1 4
cfn=(195)
calls=1 +3 
* 399
fe=(64)

fl=(69)
fn=(260)
81 3
+13 1

fl=(19)
fn=(44)
29 3
-1 3
+4 7
cfn=(45) _dl_next_ld_env_entry'2
calls=1 +17 
* 1
* 134
+2 207
+1 36
+2 2
+3 4
+9 2

fn=(45)
49 1

fl=(24)
fn=(66)
64 189
+3 189
+1 189
+1 189
+1 189
+1 189
+1 78
+5 5
+1 5
+7 5
+1 5
+2 5
+1 5
+1 5
+4 5
+1 5
+3 5
+1 5
+1 5
+2 5
+5 5
+1 5
+3 5
+1 5
+1 5
-15 46
+1 46
+1 46
+2 46
+5 46
+1 46
+3 46
+1 46
+1 46
+8 68
+1 68
+1 68
+1 68
+1 68
+1 68
+1 68
+1 68
+1 68
cfn=(67) strcmp'2
calls=68 -44 
* 1627
+5 116
+2 326
+1 326
+1 326
+1 326
+1 326
+1 287
+1 287
+3 77
+1 77
+1 77
+4 77
+1 77
+1 77
+1 77
+1 77
+1 77
+2 134
+5 67
+1 67
+4 67
+1 67
+1 67
+1 67
+1 67
+1 67
-10 21
+1 21
+4 21
+1 21
+1 21
+1 21
+1 21
+1 21
+2 67
+4 67
+1 67
+1 67
+2 31
+1 31
+1 31
+1 31
+5 31
+1 31
+1 31
cfn=(67)
calls=31 -95 
* 279
+3 39
+1 39

fn=(67)
77 77
+1 77
+7 77
+1 77
+2 77
+1 77
+1 77
-5 68
+1 68
+2 68
+1 68
+1 68
+4 68
+1 68
+3 68
+1 68
+1 68
+2 68
+5 68
+1 68
+3 68
+1 68
+1 68
-15 31
+1 31
+1 31
+2 31
+5 31
+1 31
+3 31
+1 31
+1 31

fl=(78)
fn=(298)
95 10
+1 15
+1 10
+6 20
+1 10
+1 15
cfn=(299) _dl_find_object_from_map'2
calls=5 * 
* 207

fn=(299)
104 81
+1 96
+2 25
+13 5

fl=(46)
fn=(146)
35 4
+4 4
+1 4
+1 4
+1 4
+1 4
+3 12
+1 4
+7 4
+1 4
+1 4
+1 4
+1 4
+2 4
+1 12
+1 4
+7 4
+1 4

fl=(35)
fn=(98)
32 8
+5 8
+1 8
+2 8
+1 8
+1 5
+1 5
+1 1
+3 1
+1 1
+1 1
+1 1
+14 4
+1 4
+1 4
+1 4
+1 4
+1 4
+1 4
+14 3
+1 3
+1 3
+1 3
+1 3
+1 3
+2 3
+1 3
+1 3
+1 3
+1 3
+2 3
+1 3
-4 64
+1 64
+2 64
+1 64
+1 3
+1 3
+1 5
+7 2
+1 2

ob=(2)
fl=(44)
fn=(610)
0 5

fn=(588)
0 5

fn=(352)
0 4
cob=(4)
cfi=(92)
cfn=(354)
calls=1 0 
0 4
0 2

fn=(404)
0 4
cob=(5)
cfi=(100)
cfn=(406)
calls=1 0 
0 4
0 2

totals: 194939994
